3.630000e+03  0.000000e+00
3.640000e+03  0.000000e+00
3.650000e+03  5.199710e-03
3.660000e+03  6.958180e-03
3.670000e+03  9.826860e-03
3.680000e+03  1.324560e-02
3.690000e+03  1.730490e-02
3.700000e+03  2.215250e-02
3.710000e+03  2.803170e-02
3.720000e+03  3.527490e-02
3.730000e+03  4.430940e-02
3.740000e+03  5.535240e-02
3.750000e+03  6.761010e-02
3.760000e+03  8.081390e-02
3.770000e+03  9.472370e-02
3.780000e+03  1.085090e-01
3.790000e+03  1.222140e-01
3.800000e+03  1.357550e-01
3.810000e+03  1.481260e-01
3.820000e+03  1.605110e-01
3.830000e+03  1.741640e-01
3.840000e+03  1.887260e-01
3.850000e+03  2.053860e-01
3.860000e+03  2.239450e-01
3.870000e+03  2.431540e-01
3.880000e+03  2.638660e-01
3.890000e+03  2.841790e-01
3.900000e+03  3.032080e-01
3.910000e+03  3.216720e-01
3.920000e+03  3.404810e-01
3.930000e+03  3.593480e-01
3.940000e+03  3.779710e-01
3.950000e+03  3.954110e-01
3.960000e+03  4.129690e-01
3.970000e+03  4.312920e-01
3.980000e+03  4.488160e-01
3.990000e+03  4.660350e-01
4.000000e+03  4.802570e-01
4.010000e+03  4.901100e-01
4.020000e+03  5.006200e-01
4.030000e+03  5.118410e-01
4.040000e+03  5.216190e-01
4.050000e+03  5.289030e-01
4.060000e+03  5.367260e-01
4.070000e+03  5.456790e-01
4.080000e+03  5.556710e-01
4.090000e+03  5.657710e-01
4.100000e+03  5.765000e-01
4.110000e+03  5.882540e-01
4.120000e+03  5.996470e-01
4.130000e+03  6.107510e-01
4.140000e+03  6.242680e-01
4.150000e+03  6.373350e-01
4.160000e+03  6.484940e-01
4.170000e+03  6.579500e-01
4.180000e+03  6.677430e-01
4.190000e+03  6.795400e-01
4.200000e+03  6.906940e-01
4.210000e+03  6.987510e-01
4.220000e+03  7.028750e-01
4.230000e+03  7.055880e-01
4.240000e+03  7.071980e-01
4.250000e+03  7.100630e-01
4.260000e+03  7.161370e-01
4.270000e+03  7.226520e-01
4.280000e+03  7.286040e-01
4.290000e+03  7.351900e-01
4.300000e+03  7.438540e-01
4.310000e+03  7.535280e-01
4.320000e+03  7.636800e-01
4.330000e+03  7.740220e-01
4.340000e+03  7.812780e-01
4.350000e+03  7.888060e-01
4.360000e+03  8.000900e-01
4.370000e+03  8.110020e-01
4.380000e+03  8.209060e-01
4.390000e+03  8.293320e-01
4.400000e+03  8.377860e-01
4.410000e+03  8.473220e-01
4.420000e+03  8.533720e-01
4.430000e+03  8.570960e-01
4.440000e+03  8.604130e-01
4.450000e+03  8.630020e-01
4.460000e+03  8.653670e-01
4.470000e+03  8.692220e-01
4.480000e+03  8.759550e-01
4.490000e+03  8.835790e-01
4.500000e+03  8.911340e-01
4.510000e+03  8.964250e-01
4.520000e+03  9.018290e-01
4.530000e+03  9.076490e-01
4.540000e+03  9.140420e-01
4.550000e+03  9.211000e-01
4.560000e+03  9.288140e-01
4.570000e+03  9.334020e-01
4.580000e+03  9.372820e-01
4.590000e+03  9.418840e-01
4.600000e+03  9.438330e-01
4.610000e+03  9.444830e-01
4.620000e+03  9.417330e-01
4.630000e+03  9.368890e-01
4.640000e+03  9.320090e-01
4.650000e+03  9.273880e-01
4.660000e+03  9.236950e-01
4.670000e+03  9.221950e-01
4.680000e+03  9.233990e-01
4.690000e+03  9.269040e-01
4.700000e+03  9.331450e-01
4.710000e+03  9.395710e-01
4.720000e+03  9.458540e-01
4.730000e+03  9.534420e-01
4.740000e+03  9.618560e-01
4.750000e+03  9.716890e-01
4.760000e+03  9.882850e-01
4.770000e+03  9.949880e-01
4.780000e+03  9.986920e-01
4.790000e+03  1.000000e+00
4.800000e+03  9.988980e-01
4.810000e+03  9.960520e-01
4.820000e+03  9.913890e-01
4.830000e+03  9.835850e-01
4.840000e+03  9.697050e-01
4.850000e+03  9.457200e-01
4.860000e+03  9.076900e-01
4.870000e+03  8.538460e-01
4.880000e+03  7.845750e-01
4.890000e+03  7.019830e-01
4.900000e+03  6.109880e-01
4.910000e+03  5.184750e-01
4.920000e+03  4.291120e-01
4.930000e+03  3.470050e-01
4.940000e+03  2.750520e-01
4.950000e+03  2.144090e-01
4.960000e+03  1.646680e-01
4.970000e+03  1.250410e-01
4.980000e+03  9.444230e-02
4.990000e+03  7.112070e-02
5.000000e+03  5.360140e-02
5.010000e+03  4.056420e-02
5.020000e+03  3.095260e-02
5.030000e+03  2.386790e-02
5.040000e+03  1.865630e-02
5.050000e+03  1.484310e-02
5.060000e+03  1.203940e-02
5.070000e+03  9.965460e-03
5.080000e+03  8.431150e-03
5.090000e+03  7.267920e-03
5.100000e+03  6.339880e-03
5.110000e+03  5.601350e-03
5.120000e+03  5.004830e-03
5.130000e+03  4.482000e-03
5.140000e+03  4.021010e-03
5.150000e+03  3.625010e-03
5.160000e+03  3.267030e-03
5.170000e+03  2.908380e-03
5.180000e+03  2.560350e-03
5.190000e+03  2.237630e-03
5.200000e+03  1.947180e-03
5.210000e+03  1.753650e-03
5.220000e+03  0.000000e+00
5.230000e+03  0.000000e+00
