3.915000e+03  0.000000e+00
3.930000e+03  0.000000e+00
3.945000e+03  2.874000e-02
3.960000e+03  5.945390e-02
3.975000e+03  8.273580e-02
3.990000e+03  1.245720e-01
4.005000e+03  1.960270e-01
4.020000e+03  2.485790e-01
4.035000e+03  2.778800e-01
4.050000e+03  3.171220e-01
4.065000e+03  3.694420e-01
4.080000e+03  4.166840e-01
4.095000e+03  4.450550e-01
4.110000e+03  4.606780e-01
4.125000e+03  4.755850e-01
4.140000e+03  4.958770e-01
4.155000e+03  5.208540e-01
4.170000e+03  5.472390e-01
4.185000e+03  5.713740e-01
4.200000e+03  5.944450e-01
4.215000e+03  6.162530e-01
4.230000e+03  6.360470e-01
4.245000e+03  6.545170e-01
4.260000e+03  6.710270e-01
4.275000e+03  6.857350e-01
4.290000e+03  6.992170e-01
4.305000e+03  7.115010e-01
4.320000e+03  7.243920e-01
4.335000e+03  7.382940e-01
4.350000e+03  7.533580e-01
4.365000e+03  7.685260e-01
4.380000e+03  7.823620e-01
4.395000e+03  7.933930e-01
4.410000e+03  8.019210e-01
4.425000e+03  8.083160e-01
4.440000e+03  8.142760e-01
4.455000e+03  8.215410e-01
4.470000e+03  8.316580e-01
4.485000e+03  8.447300e-01
4.500000e+03  8.595250e-01
4.515000e+03  8.738910e-01
4.530000e+03  8.861110e-01
4.545000e+03  8.950030e-01
4.560000e+03  9.002470e-01
4.575000e+03  9.025180e-01
4.590000e+03  9.034080e-01
4.605000e+03  9.044950e-01
4.620000e+03  9.072010e-01
4.635000e+03  9.116080e-01
4.650000e+03  9.191640e-01
4.665000e+03  9.291700e-01
4.680000e+03  9.411230e-01
4.695000e+03  9.541870e-01
4.710000e+03  9.673340e-01
4.725000e+03  9.789550e-01
4.740000e+03  9.874220e-01
4.755000e+03  9.916030e-01
4.770000e+03  9.906420e-01
4.785000e+03  9.844770e-01
4.800000e+03  9.739060e-01
4.815000e+03  9.603710e-01
4.830000e+03  9.481110e-01
4.845000e+03  9.385630e-01
4.860000e+03  9.362430e-01
4.875000e+03  9.436930e-01
4.890000e+03  9.615000e-01
4.905000e+03  9.836140e-01
4.920000e+03  1.000000e+00
4.935000e+03  9.963510e-01
4.950000e+03  9.644430e-01
4.965000e+03  9.122950e-01
4.980000e+03  8.616520e-01
4.995000e+03  8.441480e-01
5.010000e+03  8.863310e-01
5.025000e+03  9.747040e-01
5.040000e+03  9.313430e-01
5.055000e+03  6.015220e-01
5.070000e+03  2.485800e-01
5.085000e+03  8.886060e-02
5.100000e+03  3.410300e-02
5.115000e+03  1.468280e-02
5.130000e+03  7.024790e-03
5.145000e+03  3.623510e-03
5.160000e+03  1.985380e-03
5.175000e+03  1.140620e-03
5.190000e+03  6.898330e-04
5.205000e+03  4.321360e-04
5.220000e+03  2.839650e-04
5.235000e+03  2.196860e-04
5.250000e+03  1.830720e-04
5.265000e+03  1.464580e-04
5.280000e+03  1.098440e-04
5.295000e+03  7.322950e-05
5.310000e+03  3.661550e-05
5.325000e+03  4.578190e-06
5.340000e+03  1.434440e-09
5.355000e+03  1.434440e-09
5.370000e+03  1.434440e-09
5.385000e+03  1.434440e-09
5.400000e+03  1.434440e-09
5.415000e+03  1.434440e-09
5.430000e+03  1.434440e-09
5.445000e+03  1.434440e-09
5.460000e+03  1.434440e-09
5.475000e+03  1.434440e-09
5.490000e+03  1.434440e-09
5.505000e+03  1.434440e-09
5.520000e+03  1.434440e-09
5.535000e+03  1.434440e-09
5.550000e+03  1.434440e-09
5.565000e+03  1.434440e-09
5.580000e+03  1.434440e-09
5.595000e+03  1.434440e-09
5.610000e+03  1.434440e-09
5.625000e+03  1.434440e-09
5.640000e+03  1.434440e-09
5.655000e+03  1.434440e-09
5.670000e+03  1.434440e-09
5.685000e+03  1.434440e-09
5.700000e+03  1.434440e-09
5.715000e+03  1.434440e-09
5.730000e+03  1.434440e-09
5.745000e+03  1.434440e-09
5.760000e+03  1.434440e-09
5.775000e+03  1.434440e-09
5.790000e+03  1.434440e-09
5.805000e+03  1.434440e-09
5.820000e+03  1.434440e-09
5.835000e+03  1.434440e-09
5.850000e+03  1.434440e-09
5.865000e+03  1.434440e-09
5.880000e+03  1.434440e-09
5.895000e+03  1.434440e-09
5.910000e+03  1.434440e-09
5.925000e+03  1.434440e-09
5.940000e+03  1.434440e-09
5.955000e+03  1.434440e-09
5.970000e+03  1.434440e-09
5.985000e+03  1.434440e-09
6.000000e+03  1.434440e-09
6.015000e+03  1.434440e-09
6.030000e+03  1.434440e-09
6.045000e+03  1.434440e-09
6.060000e+03  1.434440e-09
6.075000e+03  1.434440e-09
6.090000e+03  1.434440e-09
6.105000e+03  1.434440e-09
6.120000e+03  1.434440e-09
6.135000e+03  1.434440e-09
6.150000e+03  1.434440e-09
6.165000e+03  1.434440e-09
6.180000e+03  1.434440e-09
6.195000e+03  1.434440e-09
6.210000e+03  1.434440e-09
6.225000e+03  1.434440e-09
6.240000e+03  1.434440e-09
6.255000e+03  1.434440e-09
6.270000e+03  1.434440e-09
6.285000e+03  1.434440e-09
6.300000e+03  1.434440e-09
6.315000e+03  1.434440e-09
6.330000e+03  1.434440e-09
6.345000e+03  1.434440e-09
6.360000e+03  1.434440e-09
6.375000e+03  1.434440e-09
6.390000e+03  1.434440e-09
6.405000e+03  1.434440e-09
6.420000e+03  1.434440e-09
6.435000e+03  1.434440e-09
6.450000e+03  1.434440e-09
6.465000e+03  1.434440e-09
6.480000e+03  1.434440e-09
6.495000e+03  1.434440e-09
6.510000e+03  1.434440e-09
6.525000e+03  1.434440e-09
6.540000e+03  1.434440e-09
6.555000e+03  1.434440e-09
6.570000e+03  1.434440e-09
6.585000e+03  1.434440e-09
6.600000e+03  1.434440e-09
6.615000e+03  1.434440e-09
6.630000e+03  1.434440e-09
6.645000e+03  1.759740e-05
6.660000e+03  1.222440e-04
6.675000e+03  2.278540e-04
6.690000e+03  5.330990e-04
6.705000e+03  1.862540e-03
6.720000e+03  4.657200e-03
6.735000e+03  3.554570e-03
6.750000e+03  1.282720e-03
6.765000e+03  6.864210e-04
6.780000e+03  0.000000e+00
6.795000e+03  0.000000e+00
