3.585000e+03  0.000000e+00
3.595000e+03  0.000000e+00
3.605000e+03  4.593600e-03
3.615000e+03  6.556400e-03
3.625000e+03  9.917950e-03
3.635000e+03  1.424480e-02
3.645000e+03  1.954400e-02
3.655000e+03  2.581580e-02
3.665000e+03  3.311200e-02
3.675000e+03  4.160130e-02
3.685000e+03  5.161150e-02
3.695000e+03  6.359100e-02
3.705000e+03  7.783730e-02
3.715000e+03  9.426710e-02
3.725000e+03  1.126310e-01
3.735000e+03  1.320860e-01
3.745000e+03  1.517590e-01
3.755000e+03  1.711190e-01
3.765000e+03  1.897050e-01
3.775000e+03  2.072170e-01
3.785000e+03  2.239290e-01
3.795000e+03  2.403220e-01
3.805000e+03  2.570100e-01
3.815000e+03  2.748470e-01
3.825000e+03  2.942060e-01
3.835000e+03  3.150440e-01
3.845000e+03  3.371380e-01
3.855000e+03  3.595920e-01
3.865000e+03  3.816890e-01
3.875000e+03  4.032820e-01
3.885000e+03  4.241870e-01
3.895000e+03  4.445240e-01
3.905000e+03  4.643900e-01
3.915000e+03  4.835750e-01
3.925000e+03  5.020960e-01
3.935000e+03  5.199500e-01
3.945000e+03  5.371090e-01
3.955000e+03  5.534760e-01
3.965000e+03  5.688260e-01
3.975000e+03  5.833520e-01
3.985000e+03  5.975940e-01
3.995000e+03  6.113480e-01
4.005000e+03  6.222210e-01
4.015000e+03  6.300040e-01
4.025000e+03  6.367760e-01
4.035000e+03  6.431000e-01
4.045000e+03  6.494600e-01
4.055000e+03  6.564780e-01
4.065000e+03  6.644220e-01
4.075000e+03  6.731590e-01
4.085000e+03  6.823890e-01
4.095000e+03  6.923450e-01
4.105000e+03  7.030000e-01
4.115000e+03  7.136490e-01
4.125000e+03  7.238450e-01
4.135000e+03  7.334890e-01
4.145000e+03  7.425360e-01
4.155000e+03  7.511720e-01
4.165000e+03  7.593470e-01
4.175000e+03  7.666150e-01
4.185000e+03  7.723750e-01
4.195000e+03  7.761080e-01
4.205000e+03  7.781090e-01
4.215000e+03  7.795480e-01
4.225000e+03  7.814730e-01
4.235000e+03  7.841780e-01
4.245000e+03  7.879050e-01
4.255000e+03  7.927500e-01
4.265000e+03  7.984480e-01
4.275000e+03  8.049640e-01
4.285000e+03  8.123040e-01
4.295000e+03  8.198510e-01
4.305000e+03  8.271750e-01
4.315000e+03  8.346250e-01
4.325000e+03  8.422420e-01
4.335000e+03  8.498550e-01
4.345000e+03  8.576000e-01
4.355000e+03  8.654140e-01
4.365000e+03  8.728800e-01
4.375000e+03  8.794660e-01
4.385000e+03  8.848800e-01
4.395000e+03  8.892040e-01
4.405000e+03  8.923030e-01
4.415000e+03  8.941390e-01
4.425000e+03  8.955300e-01
4.435000e+03  8.974420e-01
4.445000e+03  9.002920e-01
4.455000e+03  9.041810e-01
4.465000e+03  9.090550e-01
4.475000e+03  9.146500e-01
4.485000e+03  9.206110e-01
4.495000e+03  9.268170e-01
4.505000e+03  9.325810e-01
4.515000e+03  9.378000e-01
4.525000e+03  9.428670e-01
4.535000e+03  9.475590e-01
4.545000e+03  9.516940e-01
4.555000e+03  9.548030e-01
4.565000e+03  9.564950e-01
4.575000e+03  9.565980e-01
4.585000e+03  9.549720e-01
4.595000e+03  9.516590e-01
4.605000e+03  9.470970e-01
4.615000e+03  9.419500e-01
4.625000e+03  9.371940e-01
4.635000e+03  9.336990e-01
4.645000e+03  9.320310e-01
4.655000e+03  9.324680e-01
4.665000e+03  9.348250e-01
4.675000e+03  9.387720e-01
4.685000e+03  9.440290e-01
4.695000e+03  9.501920e-01
4.705000e+03  9.566410e-01
4.715000e+03  9.631580e-01
4.725000e+03  9.698490e-01
4.735000e+03  9.766530e-01
4.745000e+03  9.834760e-01
4.755000e+03  9.899840e-01
4.765000e+03  9.953180e-01
4.775000e+03  9.987820e-01
4.785000e+03  1.000000e+00
4.795000e+03  9.988180e-01
4.805000e+03  9.955110e-01
4.815000e+03  9.901670e-01
4.825000e+03  9.820240e-01
4.835000e+03  9.686640e-01
4.845000e+03  9.464370e-01
4.855000e+03  9.116010e-01
4.865000e+03  8.619490e-01
4.875000e+03  7.972730e-01
4.885000e+03  7.191850e-01
4.895000e+03  6.318140e-01
4.905000e+03  5.409100e-01
4.915000e+03  4.517030e-01
4.925000e+03  3.683310e-01
4.935000e+03  2.940270e-01
4.945000e+03  2.305430e-01
4.955000e+03  1.780930e-01
4.965000e+03  1.359240e-01
4.975000e+03  1.028670e-01
4.985000e+03  7.749760e-02
4.995000e+03  5.833820e-02
5.005000e+03  4.401810e-02
5.015000e+03  3.340400e-02
5.025000e+03  2.561670e-02
5.035000e+03  1.990960e-02
5.045000e+03  1.571310e-02
5.055000e+03  1.262980e-02
5.065000e+03  1.035140e-02
5.075000e+03  8.664730e-03
5.085000e+03  7.407310e-03
5.095000e+03  6.424350e-03
5.105000e+03  5.646370e-03
5.115000e+03  5.016530e-03
5.125000e+03  4.486550e-03
5.135000e+03  4.019730e-03
5.145000e+03  3.615480e-03
5.155000e+03  3.257260e-03
5.165000e+03  2.915850e-03
5.175000e+03  2.569380e-03
5.185000e+03  2.244040e-03
5.195000e+03  2.031860e-03
5.205000e+03  0.000000e+00
5.215000e+03  0.000000e+00
