1.074000e+04  0.000000e+00
1.078000e+04  0.000000e+00
1.082000e+04  7.364770e-03
1.086000e+04  1.696230e-02
1.090000e+04  5.330770e-02
1.094000e+04  1.679950e-01
1.098000e+04  4.214860e-01
1.102000e+04  7.171730e-01
1.106000e+04  8.732300e-01
1.110000e+04  9.155130e-01
1.114000e+04  9.278350e-01
1.118000e+04  9.325690e-01
1.122000e+04  9.355560e-01
1.126000e+04  9.380610e-01
1.130000e+04  9.361860e-01
1.134000e+04  9.310320e-01
1.138000e+04  9.304970e-01
1.142000e+04  9.369390e-01
1.146000e+04  9.412450e-01
1.150000e+04  9.385000e-01
1.154000e+04  9.374130e-01
1.158000e+04  9.498370e-01
1.162000e+04  9.664470e-01
1.166000e+04  9.705270e-01
1.170000e+04  9.619370e-01
1.174000e+04  9.561000e-01
1.178000e+04  9.601620e-01
1.182000e+04  9.648150e-01
1.186000e+04  9.616980e-01
1.190000e+04  9.563680e-01
1.194000e+04  9.577040e-01
1.198000e+04  9.645790e-01
1.202000e+04  9.686810e-01
1.206000e+04  9.677380e-01
1.210000e+04  9.683870e-01
1.214000e+04  9.717050e-01
1.218000e+04  9.716580e-01
1.222000e+04  9.661270e-01
1.226000e+04  9.602390e-01
1.230000e+04  9.633560e-01
1.234000e+04  9.724980e-01
1.238000e+04  9.781000e-01
1.242000e+04  9.757920e-01
1.246000e+04  9.719080e-01
1.250000e+04  9.744650e-01
1.254000e+04  9.790890e-01
1.258000e+04  9.771890e-01
1.262000e+04  9.674920e-01
1.266000e+04  9.591650e-01
1.270000e+04  9.617760e-01
1.274000e+04  9.729520e-01
1.278000e+04  9.840870e-01
1.282000e+04  9.901740e-01
1.286000e+04  9.898310e-01
1.290000e+04  9.846120e-01
1.294000e+04  9.734430e-01
1.298000e+04  9.584310e-01
1.302000e+04  9.468690e-01
1.306000e+04  9.475310e-01
1.310000e+04  9.613410e-01
1.314000e+04  9.801740e-01
1.318000e+04  9.940950e-01
1.322000e+04  9.995780e-01
1.326000e+04  1.000000e+00
1.330000e+04  9.970600e-01
1.334000e+04  9.884060e-01
1.338000e+04  9.724600e-01
1.342000e+04  9.559360e-01
1.346000e+04  9.470160e-01
1.350000e+04  9.499980e-01
1.354000e+04  9.602210e-01
1.358000e+04  9.712100e-01
1.362000e+04  9.764150e-01
1.366000e+04  9.760550e-01
1.370000e+04  9.728720e-01
1.374000e+04  9.657680e-01
1.378000e+04  9.522260e-01
1.382000e+04  9.287930e-01
1.386000e+04  9.118680e-01
1.390000e+04  9.219450e-01
1.394000e+04  9.089030e-01
1.398000e+04  6.818160e-01
1.402000e+04  3.069030e-01
1.406000e+04  9.403900e-02
1.410000e+04  3.614100e-02
1.414000e+04  0.000000e+00
1.418000e+04  0.000000e+00
