1.153500e+04  0.000000e+00
1.158000e+04  0.000000e+00
1.162500e+04  4.962210e-04
1.167000e+04  5.318560e-04
1.171500e+04  5.794780e-04
1.176000e+04  8.248870e-04
1.180500e+04  3.086720e-03
1.185000e+04  9.850520e-03
1.189500e+04  2.857320e-02
1.194000e+04  9.056310e-02
1.198500e+04  3.174770e-01
1.203000e+04  7.701260e-01
1.207500e+04  9.686870e-01
1.212000e+04  9.716170e-01
1.216500e+04  9.731000e-01
1.221000e+04  9.805470e-01
1.225500e+04  9.856420e-01
1.230000e+04  9.809220e-01
1.234500e+04  9.732370e-01
1.239000e+04  9.725420e-01
1.243500e+04  9.747200e-01
1.248000e+04  9.736970e-01
1.252500e+04  9.684790e-01
1.257000e+04  9.646550e-01
1.261500e+04  9.695780e-01
1.266000e+04  9.795970e-01
1.270500e+04  9.879240e-01
1.275000e+04  9.879160e-01
1.279500e+04  9.822180e-01
1.284000e+04  9.812440e-01
1.288500e+04  9.868890e-01
1.293000e+04  9.923000e-01
1.297500e+04  9.917260e-01
1.302000e+04  9.865410e-01
1.306500e+04  9.844210e-01
1.311000e+04  9.867930e-01
1.315500e+04  9.906760e-01
1.320000e+04  9.929570e-01
1.324500e+04  9.950630e-01
1.329000e+04  9.990270e-01
1.333500e+04  1.000000e+00
1.338000e+04  9.977700e-01
1.342500e+04  9.902890e-01
1.347000e+04  9.837050e-01
1.351500e+04  9.839380e-01
1.356000e+04  9.899320e-01
1.360500e+04  9.909300e-01
1.365000e+04  9.899020e-01
1.369500e+04  9.812420e-01
1.374000e+04  9.713220e-01
1.378500e+04  9.601000e-01
1.383000e+04  9.515050e-01
1.387500e+04  9.553260e-01
1.392000e+04  9.623540e-01
1.396500e+04  9.713130e-01
1.401000e+04  9.799940e-01
1.405500e+04  9.851930e-01
1.410000e+04  9.894750e-01
1.414500e+04  9.925530e-01
1.419000e+04  9.932380e-01
1.423500e+04  9.920980e-01
1.428000e+04  9.891550e-01
1.432500e+04  9.879490e-01
1.437000e+04  9.873010e-01
1.441500e+04  9.876690e-01
1.446000e+04  9.888960e-01
1.450500e+04  9.903440e-01
1.455000e+04  9.903240e-01
1.459500e+04  9.862640e-01
1.464000e+04  9.807330e-01
1.468500e+04  9.761380e-01
1.473000e+04  9.766770e-01
1.477500e+04  9.784780e-01
1.482000e+04  9.820280e-01
1.486500e+04  9.845110e-01
1.491000e+04  9.862170e-01
1.495500e+04  9.895700e-01
1.500000e+04  9.926960e-01
1.504500e+04  9.936330e-01
1.509000e+04  9.892130e-01
1.513500e+04  9.807390e-01
1.518000e+04  9.683580e-01
1.522500e+04  9.583150e-01
1.527000e+04  9.539390e-01
1.531500e+04  9.538240e-01
1.536000e+04  9.571570e-01
1.540500e+04  9.619130e-01
1.545000e+04  9.659000e-01
1.549500e+04  9.688660e-01
1.554000e+04  9.695740e-01
1.558500e+04  9.662980e-01
1.563000e+04  9.591300e-01
1.567500e+04  9.475860e-01
1.572000e+04  9.352280e-01
1.576500e+04  9.279200e-01
1.581000e+04  9.376970e-01
1.585500e+04  9.588110e-01
1.590000e+04  8.753710e-01
1.594500e+04  5.416470e-01
1.599000e+04  2.190630e-01
1.603500e+04  7.663550e-02
1.608000e+04  2.845700e-02
1.612500e+04  1.419150e-02
1.617000e+04  0.000000e+00
1.621500e+04  0.000000e+00
