1.049500e+04  0.000000e+00
1.054500e+04  0.000000e+00
1.059500e+04  9.632620e-05
1.064500e+04  9.632820e-05
1.069500e+04  9.632960e-05
1.074500e+04  9.633250e-05
1.079500e+04  9.634170e-05
1.084500e+04  9.637510e-05
1.089500e+04  9.642330e-05
1.094500e+04  9.648500e-05
1.099500e+04  9.656170e-05
1.104500e+04  9.672790e-05
1.109500e+04  9.692420e-05
1.114500e+04  9.712080e-05
1.119500e+04  9.731970e-05
1.124500e+04  9.753780e-05
1.129500e+04  9.776090e-05
1.134500e+04  9.798430e-05
1.139500e+04  9.821090e-05
1.144500e+04  9.846450e-05
1.149500e+04  9.871600e-05
1.154500e+04  9.888560e-05
1.159500e+04  9.903560e-05
1.164500e+04  9.918780e-05
1.169500e+04  9.934070e-05
1.174500e+04  9.949360e-05
1.179500e+04  9.964110e-05
1.184500e+04  9.973800e-05
1.189500e+04  9.982260e-05
1.194500e+04  9.990710e-05
1.199500e+04  9.998960e-05
1.204500e+04  1.000530e-04
1.209500e+04  1.001120e-04
1.214500e+04  1.001710e-04
1.219500e+04  1.002260e-04
1.224500e+04  1.002460e-04
1.229500e+04  1.002580e-04
1.234500e+04  1.002700e-04
1.239500e+04  1.002860e-04
1.244500e+04  1.003470e-04
1.249500e+04  1.004230e-04
1.254500e+04  1.005490e-04
1.259500e+04  1.006860e-04
1.264500e+04  1.008070e-04
1.269500e+04  1.009230e-04
1.274500e+04  1.010400e-04
1.279500e+04  1.011500e-04
1.284500e+04  1.011980e-04
1.289500e+04  1.012310e-04
1.294500e+04  1.012630e-04
1.299500e+04  1.013090e-04
1.304500e+04  1.014740e-04
1.309500e+04  1.016700e-04
1.314500e+04  1.018660e-04
1.319500e+04  1.020530e-04
1.324500e+04  1.021620e-04
1.329500e+04  1.022520e-04
1.334500e+04  1.023420e-04
1.339500e+04  1.024100e-04
1.344500e+04  1.022710e-04
1.349500e+04  1.020880e-04
1.354500e+04  1.019530e-04
1.359500e+04  1.017470e-04
1.364500e+04  1.448110e-04
1.369500e+04  5.462190e-04
1.374500e+04  1.208780e-03
1.379500e+04  3.235210e-03
1.384500e+04  8.618600e-03
1.389500e+04  2.992780e-02
1.394500e+04  1.340170e-01
1.399500e+04  4.961570e-01
1.404500e+04  8.582640e-01
1.409500e+04  9.202700e-01
1.414500e+04  9.213570e-01
1.419500e+04  9.449600e-01
1.424500e+04  9.798680e-01
1.429500e+04  9.966270e-01
1.434500e+04  9.972570e-01
1.439500e+04  9.991210e-01
1.444500e+04  1.000000e+00
1.449500e+04  9.931550e-01
1.454500e+04  9.818710e-01
1.459500e+04  9.771700e-01
1.464500e+04  9.851150e-01
1.469500e+04  9.946240e-01
1.474500e+04  9.908770e-01
1.479500e+04  9.726730e-01
1.484500e+04  9.547560e-01
1.489500e+04  9.505490e-01
1.494500e+04  9.602080e-01
1.499500e+04  9.758940e-01
1.504500e+04  9.877280e-01
1.509500e+04  9.937140e-01
1.514500e+04  9.939960e-01
1.519500e+04  9.860900e-01
1.524500e+04  9.719020e-01
1.529500e+04  9.535340e-01
1.534500e+04  9.417200e-01
1.539500e+04  9.436820e-01
1.544500e+04  9.572090e-01
1.549500e+04  9.725960e-01
1.554500e+04  9.795640e-01
1.559500e+04  9.807040e-01
1.564500e+04  9.811870e-01
1.569500e+04  9.844690e-01
1.574500e+04  9.866260e-01
1.579500e+04  9.847650e-01
1.584500e+04  9.816460e-01
1.589500e+04  9.792030e-01
1.594500e+04  9.779980e-01
1.599500e+04  9.725280e-01
1.604500e+04  9.602070e-01
1.609500e+04  9.496390e-01
1.614500e+04  9.468250e-01
1.619500e+04  9.510130e-01
1.624500e+04  9.514700e-01
1.629500e+04  9.380530e-01
1.634500e+04  9.141210e-01
1.639500e+04  8.976260e-01
1.644500e+04  9.058410e-01
1.649500e+04  9.303300e-01
1.654500e+04  9.418130e-01
1.659500e+04  9.286540e-01
1.664500e+04  9.082700e-01
1.669500e+04  9.019180e-01
1.674500e+04  8.818800e-01
1.679500e+04  8.372440e-01
1.684500e+04  7.306410e-01
1.689500e+04  3.284070e-01
1.694500e+04  9.351250e-02
1.699500e+04  0.000000e+00
1.704500e+04  0.000000e+00
