3.565000e+03  0.000000e+00
3.575000e+03  0.000000e+00
3.585000e+03  3.520210e-03
3.595000e+03  5.646340e-03
3.605000e+03  1.002560e-02
3.615000e+03  1.536130e-02
3.625000e+03  2.106630e-02
3.635000e+03  2.945350e-02
3.645000e+03  4.308490e-02
3.655000e+03  5.826980e-02
3.665000e+03  6.865380e-02
3.675000e+03  7.823370e-02
3.685000e+03  9.448090e-02
3.695000e+03  1.156470e-01
3.705000e+03  1.336290e-01
3.715000e+03  1.486200e-01
3.725000e+03  1.647200e-01
3.735000e+03  1.903840e-01
3.745000e+03  2.224870e-01
3.755000e+03  2.492180e-01
3.765000e+03  2.688660e-01
3.775000e+03  2.869160e-01
3.785000e+03  3.088510e-01
3.795000e+03  3.311310e-01
3.805000e+03  3.438440e-01
3.815000e+03  3.626090e-01
3.825000e+03  3.873210e-01
3.835000e+03  4.116940e-01
3.845000e+03  4.373470e-01
3.855000e+03  4.579460e-01
3.865000e+03  4.770500e-01
3.875000e+03  4.939710e-01
3.885000e+03  5.095680e-01
3.895000e+03  5.297240e-01
3.905000e+03  5.511500e-01
3.915000e+03  5.739500e-01
3.925000e+03  6.022820e-01
3.935000e+03  6.243040e-01
3.945000e+03  6.428810e-01
3.955000e+03  6.591960e-01
3.965000e+03  6.708790e-01
3.975000e+03  6.803000e-01
3.985000e+03  6.902680e-01
3.995000e+03  7.007580e-01
4.005000e+03  7.066370e-01
4.015000e+03  7.200970e-01
4.025000e+03  7.340960e-01
4.035000e+03  7.486370e-01
4.045000e+03  7.592970e-01
4.055000e+03  7.708020e-01
4.065000e+03  7.855820e-01
4.075000e+03  7.924510e-01
4.085000e+03  7.895100e-01
4.095000e+03  7.923460e-01
4.105000e+03  7.954770e-01
4.115000e+03  7.934020e-01
4.125000e+03  7.988330e-01
4.135000e+03  8.119510e-01
4.145000e+03  8.231980e-01
4.155000e+03  8.266880e-01
4.165000e+03  8.297020e-01
4.175000e+03  8.367940e-01
4.185000e+03  8.441150e-01
4.195000e+03  8.482140e-01
4.205000e+03  8.547140e-01
4.215000e+03  8.717360e-01
4.225000e+03  8.821460e-01
4.235000e+03  8.962530e-01
4.245000e+03  9.022870e-01
4.255000e+03  9.040240e-01
4.265000e+03  9.037550e-01
4.275000e+03  9.007130e-01
4.285000e+03  9.035820e-01
4.295000e+03  8.910200e-01
4.305000e+03  8.765250e-01
4.315000e+03  8.795030e-01
4.325000e+03  8.963780e-01
4.335000e+03  9.055400e-01
4.345000e+03  9.052020e-01
4.355000e+03  9.126940e-01
4.365000e+03  9.285960e-01
4.375000e+03  9.354230e-01
4.385000e+03  9.371670e-01
4.395000e+03  9.426460e-01
4.405000e+03  9.554560e-01
4.415000e+03  9.588050e-01
4.425000e+03  9.465530e-01
4.435000e+03  9.363670e-01
4.445000e+03  9.303400e-01
4.455000e+03  9.284990e-01
4.465000e+03  9.325550e-01
4.475000e+03  9.358040e-01
4.485000e+03  9.414820e-01
4.495000e+03  9.461400e-01
4.505000e+03  9.412110e-01
4.515000e+03  9.354340e-01
4.525000e+03  9.329320e-01
4.535000e+03  9.442500e-01
4.545000e+03  9.743880e-01
4.555000e+03  9.869350e-01
4.565000e+03  1.000000e+00
4.575000e+03  9.521920e-01
4.585000e+03  9.493010e-01
4.595000e+03  9.715740e-01
4.605000e+03  9.552250e-01
4.615000e+03  9.604510e-01
4.625000e+03  9.593960e-01
4.635000e+03  9.514940e-01
4.645000e+03  9.502940e-01
4.655000e+03  9.400710e-01
4.665000e+03  9.309290e-01
4.675000e+03  9.295390e-01
4.685000e+03  9.244950e-01
4.695000e+03  9.339240e-01
4.705000e+03  9.125940e-01
4.715000e+03  9.136520e-01
4.725000e+03  9.178970e-01
4.735000e+03  9.174280e-01
4.745000e+03  9.263890e-01
4.755000e+03  9.367140e-01
4.765000e+03  9.189200e-01
4.775000e+03  8.673800e-01
4.785000e+03  7.331910e-01
4.795000e+03  5.413070e-01
4.805000e+03  3.589870e-01
4.815000e+03  1.907080e-01
4.825000e+03  9.469810e-02
4.835000e+03  4.636500e-02
4.845000e+03  2.384010e-02
4.855000e+03  1.278870e-02
4.865000e+03  8.624390e-03
4.875000e+03  0.000000e+00
4.885000e+03  0.000000e+00
