3.565000e+03  0.000000e+00
3.575000e+03  0.000000e+00
3.585000e+03  3.562820e-03
3.595000e+03  5.714030e-03
3.605000e+03  1.014430e-02
3.615000e+03  1.554100e-02
3.625000e+03  2.130970e-02
3.635000e+03  2.978950e-02
3.645000e+03  4.357020e-02
3.655000e+03  5.891770e-02
3.665000e+03  6.940740e-02
3.675000e+03  7.908120e-02
3.685000e+03  9.549090e-02
3.695000e+03  1.168670e-01
3.705000e+03  1.350200e-01
3.715000e+03  1.501450e-01
3.725000e+03  1.663880e-01
3.735000e+03  1.922850e-01
3.745000e+03  2.246780e-01
3.755000e+03  2.516370e-01
3.765000e+03  2.714380e-01
3.775000e+03  2.896220e-01
3.785000e+03  3.117210e-01
3.795000e+03  3.341620e-01
3.805000e+03  3.469450e-01
3.815000e+03  3.658290e-01
3.825000e+03  3.907080e-01
3.835000e+03  4.152390e-01
3.845000e+03  4.410530e-01
3.855000e+03  4.617650e-01
3.865000e+03  4.809650e-01
3.875000e+03  4.979580e-01
3.885000e+03  5.136140e-01
3.895000e+03  5.338590e-01
3.905000e+03  5.553800e-01
3.915000e+03  5.782790e-01
3.925000e+03  6.067460e-01
3.935000e+03  6.288490e-01
3.945000e+03  6.474780e-01
3.955000e+03  6.638240e-01
3.965000e+03  6.755020e-01
3.975000e+03  6.849000e-01
3.985000e+03  6.948480e-01
3.995000e+03  7.053170e-01
4.005000e+03  7.111450e-01
4.015000e+03  7.245990e-01
4.025000e+03  7.385930e-01
4.035000e+03  7.531280e-01
4.045000e+03  7.637580e-01
4.055000e+03  7.752340e-01
4.065000e+03  7.900010e-01
4.075000e+03  7.968100e-01
4.085000e+03  7.937550e-01
4.095000e+03  7.965090e-01
4.105000e+03  7.995590e-01
4.115000e+03  7.973760e-01
4.125000e+03  8.027370e-01
4.135000e+03  8.158210e-01
4.145000e+03  8.270230e-01
4.155000e+03  8.304290e-01
4.165000e+03  8.333570e-01
4.175000e+03  8.403800e-01
4.185000e+03  8.476330e-01
4.195000e+03  8.516480e-01
4.205000e+03  8.580740e-01
4.215000e+03  8.750600e-01
4.225000e+03  8.854070e-01
4.235000e+03  8.994610e-01
4.245000e+03  9.054130e-01
4.255000e+03  9.070510e-01
4.265000e+03  9.066780e-01
4.275000e+03  9.035220e-01
4.285000e+03  9.062970e-01
4.295000e+03  8.935970e-01
4.305000e+03  8.789600e-01
4.315000e+03  8.818470e-01
4.325000e+03  8.986660e-01
4.335000e+03  9.077500e-01
4.345000e+03  9.073110e-01
4.355000e+03  9.147190e-01
4.365000e+03  9.305550e-01
4.375000e+03  9.372930e-01
4.385000e+03  9.389370e-01
4.395000e+03  9.443240e-01
4.405000e+03  9.570540e-01
4.415000e+03  9.603050e-01
4.425000e+03  9.479320e-01
4.435000e+03  9.376300e-01
4.445000e+03  9.314960e-01
4.455000e+03  9.295540e-01
4.465000e+03  9.335170e-01
4.475000e+03  9.366700e-01
4.485000e+03  9.422550e-01
4.495000e+03  9.468180e-01
4.505000e+03  9.417880e-01
4.515000e+03  9.359110e-01
4.525000e+03  9.333120e-01
4.535000e+03  9.445370e-01
4.545000e+03  9.745850e-01
4.555000e+03  9.870350e-01
4.565000e+03  1.000000e+00
4.575000e+03  9.520970e-01
4.585000e+03  9.491100e-01
4.595000e+03  9.712830e-01
4.605000e+03  9.548430e-01
4.615000e+03  9.599730e-01
4.625000e+03  9.588240e-01
4.635000e+03  9.508340e-01
4.645000e+03  9.495420e-01
4.655000e+03  9.392360e-01
4.665000e+03  9.300120e-01
4.675000e+03  9.285350e-01
4.685000e+03  9.234080e-01
4.695000e+03  9.327370e-01
4.705000e+03  9.113490e-01
4.715000e+03  9.123190e-01
4.725000e+03  9.164720e-01
4.735000e+03  9.159180e-01
4.745000e+03  9.247790e-01
4.755000e+03  9.349990e-01
4.765000e+03  9.171550e-01
4.775000e+03  8.656340e-01
4.785000e+03  7.316500e-01
4.795000e+03  5.401200e-01
4.805000e+03  3.581680e-01
4.815000e+03  1.902570e-01
4.825000e+03  9.446550e-02
4.835000e+03  4.624690e-02
4.845000e+03  2.377730e-02
4.855000e+03  1.275390e-02
4.865000e+03  8.600320e-03
4.875000e+03  0.000000e+00
4.885000e+03  0.000000e+00
