4.600000e+03  0.000000e+00
4.615000e+03  0.000000e+00
4.630000e+03  1.498480e-02
4.645000e+03  2.745380e-02
4.660000e+03  8.276470e-02
4.675000e+03  1.085910e-01
4.690000e+03  2.056500e-01
4.705000e+03  2.483310e-01
4.720000e+03  2.914730e-01
4.735000e+03  4.167950e-01
4.750000e+03  3.800080e-01
4.765000e+03  5.220790e-01
4.780000e+03  5.650290e-01
4.795000e+03  5.283570e-01
4.810000e+03  6.769390e-01
4.825000e+03  6.962800e-01
4.840000e+03  7.433620e-01
4.855000e+03  7.699160e-01
4.870000e+03  7.761610e-01
4.885000e+03  7.555540e-01
4.900000e+03  6.834200e-01
4.915000e+03  6.844580e-01
4.930000e+03  7.402690e-01
4.945000e+03  8.006400e-01
4.960000e+03  7.737220e-01
4.975000e+03  7.378860e-01
4.990000e+03  7.977090e-01
5.005000e+03  8.334410e-01
5.020000e+03  8.152470e-01
5.035000e+03  7.441960e-01
5.050000e+03  7.008240e-01
5.065000e+03  7.436970e-01
5.080000e+03  8.020780e-01
5.095000e+03  8.023370e-01
5.110000e+03  7.757720e-01
5.125000e+03  7.746490e-01
5.140000e+03  8.058480e-01
5.155000e+03  8.357770e-01
5.170000e+03  8.177390e-01
5.185000e+03  7.996280e-01
5.200000e+03  8.534130e-01
5.215000e+03  8.361120e-01
5.230000e+03  7.726380e-01
5.245000e+03  7.872840e-01
5.260000e+03  7.999990e-01
5.275000e+03  8.317280e-01
5.290000e+03  8.561230e-01
5.305000e+03  8.289820e-01
5.320000e+03  7.978500e-01
5.335000e+03  8.271080e-01
5.350000e+03  8.674780e-01
5.365000e+03  8.627690e-01
5.380000e+03  8.561540e-01
5.395000e+03  8.089100e-01
5.410000e+03  7.814420e-01
5.425000e+03  8.359480e-01
5.440000e+03  8.836110e-01
5.455000e+03  9.041490e-01
5.470000e+03  9.053190e-01
5.485000e+03  9.135750e-01
5.500000e+03  8.948590e-01
5.515000e+03  8.622270e-01
5.530000e+03  8.811710e-01
5.545000e+03  9.012050e-01
5.560000e+03  8.905710e-01
5.575000e+03  9.052090e-01
5.590000e+03  8.983640e-01
5.605000e+03  8.703750e-01
5.620000e+03  8.576240e-01
5.635000e+03  8.966880e-01
5.650000e+03  9.093290e-01
5.665000e+03  8.858110e-01
5.680000e+03  8.801340e-01
5.695000e+03  9.021040e-01
5.710000e+03  9.144590e-01
5.725000e+03  9.005750e-01
5.740000e+03  9.050220e-01
5.755000e+03  8.608160e-01
5.770000e+03  8.559200e-01
5.785000e+03  8.762410e-01
5.800000e+03  9.145380e-01
5.815000e+03  9.339720e-01
5.830000e+03  9.177260e-01
5.845000e+03  8.996630e-01
5.860000e+03  9.149340e-01
5.875000e+03  9.165250e-01
5.890000e+03  9.089760e-01
5.905000e+03  9.343360e-01
5.920000e+03  9.435990e-01
5.935000e+03  9.187390e-01
5.950000e+03  8.764800e-01
5.965000e+03  9.052160e-01
5.980000e+03  9.051740e-01
5.995000e+03  9.042610e-01
6.010000e+03  9.124870e-01
6.025000e+03  9.211780e-01
6.040000e+03  9.317960e-01
6.055000e+03  9.483830e-01
6.070000e+03  9.314110e-01
6.085000e+03  9.306210e-01
6.100000e+03  9.530220e-01
6.115000e+03  9.516860e-01
6.130000e+03  9.612260e-01
6.145000e+03  9.639400e-01
6.160000e+03  9.386130e-01
6.175000e+03  8.778280e-01
6.190000e+03  8.375530e-01
6.205000e+03  8.221100e-01
6.220000e+03  8.433970e-01
6.235000e+03  9.070420e-01
6.250000e+03  9.487420e-01
6.265000e+03  9.591170e-01
6.280000e+03  9.682630e-01
6.295000e+03  9.509760e-01
6.310000e+03  9.383020e-01
6.325000e+03  9.331580e-01
6.340000e+03  9.412630e-01
6.355000e+03  9.732440e-01
6.370000e+03  9.476670e-01
6.385000e+03  9.120210e-01
6.400000e+03  8.829710e-01
6.415000e+03  8.891380e-01
6.430000e+03  9.027690e-01
6.445000e+03  9.515540e-01
6.460000e+03  9.918400e-01
6.475000e+03  9.880210e-01
6.490000e+03  9.670970e-01
6.505000e+03  9.445010e-01
6.520000e+03  9.111450e-01
6.535000e+03  9.090710e-01
6.550000e+03  9.111870e-01
6.565000e+03  9.422750e-01
6.580000e+03  9.403230e-01
6.595000e+03  9.234760e-01
6.610000e+03  8.927340e-01
6.625000e+03  9.183000e-01
6.640000e+03  9.320980e-01
6.655000e+03  9.648150e-01
6.670000e+03  9.951780e-01
6.685000e+03  1.000000e+00
6.700000e+03  9.705890e-01
6.715000e+03  9.549470e-01
6.730000e+03  9.302480e-01
6.745000e+03  9.327960e-01
6.760000e+03  9.159550e-01
6.775000e+03  9.517570e-01
6.790000e+03  9.427390e-01
6.805000e+03  9.498150e-01
6.820000e+03  9.173630e-01
6.835000e+03  9.166520e-01
6.850000e+03  9.145740e-01
6.865000e+03  9.363330e-01
6.880000e+03  9.406290e-01
6.895000e+03  9.050820e-01
6.910000e+03  8.518620e-01
6.925000e+03  8.240060e-01
6.940000e+03  8.327510e-01
6.955000e+03  8.567350e-01
6.970000e+03  9.163890e-01
6.985000e+03  9.302600e-01
7.000000e+03  9.309970e-01
7.015000e+03  9.172490e-01
7.030000e+03  8.931460e-01
7.045000e+03  9.053260e-01
7.060000e+03  9.204740e-01
7.075000e+03  8.173450e-01
7.090000e+03  4.767200e-01
7.105000e+03  2.112170e-01
7.120000e+03  1.073860e-01
7.135000e+03  6.768710e-02
7.150000e+03  5.185210e-02
7.165000e+03  0.000000e+00
7.180000e+03  0.000000e+00
