4.600000e+03  0.000000e+00
4.615000e+03  0.000000e+00
4.630000e+03  1.482970e-02
4.645000e+03  2.717300e-02
4.660000e+03  8.192930e-02
4.675000e+03  1.075100e-01
4.690000e+03  2.036330e-01
4.705000e+03  2.459280e-01
4.720000e+03  2.886950e-01
4.735000e+03  4.128790e-01
4.750000e+03  3.764900e-01
4.765000e+03  5.173190e-01
4.780000e+03  5.599500e-01
4.795000e+03  5.236810e-01
4.810000e+03  6.710370e-01
4.825000e+03  6.903020e-01
4.840000e+03  7.370780e-01
4.855000e+03  7.635070e-01
4.870000e+03  7.698010e-01
4.885000e+03  7.494590e-01
4.900000e+03  6.779950e-01
4.915000e+03  6.791110e-01
4.930000e+03  7.345800e-01
4.945000e+03  7.945870e-01
4.960000e+03  7.679660e-01
4.975000e+03  7.324890e-01
4.990000e+03  7.919720e-01
5.005000e+03  8.275460e-01
5.020000e+03  8.095780e-01
5.035000e+03  7.391090e-01
5.050000e+03  6.961160e-01
5.065000e+03  7.387900e-01
5.080000e+03  7.968770e-01
5.095000e+03  7.972250e-01
5.110000e+03  7.709180e-01
5.125000e+03  7.698900e-01
5.140000e+03  8.009870e-01
5.155000e+03  8.308280e-01
5.170000e+03  8.129860e-01
5.185000e+03  7.950670e-01
5.200000e+03  8.486370e-01
5.215000e+03  8.315220e-01
5.230000e+03  7.684780e-01
5.245000e+03  7.831280e-01
5.260000e+03  7.958580e-01
5.275000e+03  8.275080e-01
5.290000e+03  8.518660e-01
5.305000e+03  8.249420e-01
5.320000e+03  7.940420e-01
5.335000e+03  8.232410e-01
5.350000e+03  8.635080e-01
5.365000e+03  8.589030e-01
5.380000e+03  8.523990e-01
5.395000e+03  8.054380e-01
5.410000e+03  7.781620e-01
5.425000e+03  8.325160e-01
5.440000e+03  8.800650e-01
5.455000e+03  9.006010e-01
5.470000e+03  9.018470e-01
5.485000e+03  9.101520e-01
5.500000e+03  8.915840e-01
5.515000e+03  8.591470e-01
5.530000e+03  8.780980e-01
5.545000e+03  8.981370e-01
5.560000e+03  8.876140e-01
5.575000e+03  9.022770e-01
5.590000e+03  8.955280e-01
5.605000e+03  8.676960e-01
5.620000e+03  8.550530e-01
5.635000e+03  8.940700e-01
5.650000e+03  9.067440e-01
5.665000e+03  8.833590e-01
5.680000e+03  8.777650e-01
5.695000e+03  8.997420e-01
5.710000e+03  9.121320e-01
5.725000e+03  8.983480e-01
5.740000e+03  9.028480e-01
5.755000e+03  8.588090e-01
5.770000e+03  8.539830e-01
5.785000e+03  8.743170e-01
5.800000e+03  9.125920e-01
5.815000e+03  9.320450e-01
5.830000e+03  9.158920e-01
5.845000e+03  8.979230e-01
5.860000e+03  9.132220e-01
5.875000e+03  9.148670e-01
5.890000e+03  9.073870e-01
5.905000e+03  9.327570e-01
5.920000e+03  9.420600e-01
5.935000e+03  9.172930e-01
5.950000e+03  8.751510e-01
5.965000e+03  9.038940e-01
5.980000e+03  9.039000e-01
5.995000e+03  9.030370e-01
6.010000e+03  9.113000e-01
6.025000e+03  9.200270e-01
6.040000e+03  9.306790e-01
6.055000e+03  9.472930e-01
6.070000e+03  9.303850e-01
6.085000e+03  9.296410e-01
6.100000e+03  9.520620e-01
6.115000e+03  9.507710e-01
6.130000e+03  9.603440e-01
6.145000e+03  9.630970e-01
6.160000e+03  9.378320e-01
6.175000e+03  8.771330e-01
6.190000e+03  8.369240e-01
6.205000e+03  8.215250e-01
6.220000e+03  8.428290e-01
6.235000e+03  9.064650e-01
6.250000e+03  9.481730e-01
6.265000e+03  9.585750e-01
6.280000e+03  9.677490e-01
6.295000e+03  9.505030e-01
6.310000e+03  9.378650e-01
6.325000e+03  9.327520e-01
6.340000e+03  9.408820e-01
6.355000e+03  9.728780e-01
6.370000e+03  9.473370e-01
6.385000e+03  9.117280e-01
6.400000e+03  8.827100e-01
6.415000e+03  8.888970e-01
6.430000e+03  9.025460e-01
6.445000e+03  9.513410e-01
6.460000e+03  9.916400e-01
6.475000e+03  9.878420e-01
6.490000e+03  9.669410e-01
6.505000e+03  9.443660e-01
6.520000e+03  9.110300e-01
6.535000e+03  9.089710e-01
6.550000e+03  9.111020e-01
6.565000e+03  9.422010e-01
6.580000e+03  9.402610e-01
6.595000e+03  9.234270e-01
6.610000e+03  8.926970e-01
6.625000e+03  9.182710e-01
6.640000e+03  9.320780e-01
6.655000e+03  9.648010e-01
6.670000e+03  9.951720e-01
6.685000e+03  1.000000e+00
6.700000e+03  9.705940e-01
6.715000e+03  9.549560e-01
6.730000e+03  9.302600e-01
6.745000e+03  9.328100e-01
6.760000e+03  9.159690e-01
6.775000e+03  9.517720e-01
6.790000e+03  9.427540e-01
6.805000e+03  9.498270e-01
6.820000e+03  9.173730e-01
6.835000e+03  9.166580e-01
6.850000e+03  9.145750e-01
6.865000e+03  9.363290e-01
6.880000e+03  9.406180e-01
6.895000e+03  9.050640e-01
6.910000e+03  8.518370e-01
6.925000e+03  8.239740e-01
6.940000e+03  8.327090e-01
6.955000e+03  8.566810e-01
6.970000e+03  9.163190e-01
6.985000e+03  9.301760e-01
7.000000e+03  9.308990e-01
7.015000e+03  9.171380e-01
7.030000e+03  8.930220e-01
7.045000e+03  9.051830e-01
7.060000e+03  9.203110e-01
7.075000e+03  8.171850e-01
7.090000e+03  4.766160e-01
7.105000e+03  2.111660e-01
7.120000e+03  1.073570e-01
7.135000e+03  6.766760e-02
7.150000e+03  5.183620e-02
7.165000e+03  0.000000e+00
7.180000e+03  0.000000e+00
