6.535000e+03  0.000000e+00
6.560000e+03  0.000000e+00
6.585000e+03  2.975710e-03
6.610000e+03  3.588000e-03
6.635000e+03  4.403480e-03
6.660000e+03  5.219630e-03
6.685000e+03  6.037130e-03
6.710000e+03  6.856040e-03
6.735000e+03  7.675690e-03
6.760000e+03  8.491040e-03
6.785000e+03  9.304710e-03
6.810000e+03  1.327380e-02
6.835000e+03  2.676800e-02
6.860000e+03  5.097960e-02
6.885000e+03  9.411830e-02
6.910000e+03  1.556850e-01
6.935000e+03  2.355560e-01
6.960000e+03  3.370030e-01
6.985000e+03  4.423790e-01
7.010000e+03  5.552290e-01
7.035000e+03  6.512020e-01
7.060000e+03  7.300000e-01
7.085000e+03  7.989240e-01
7.110000e+03  8.542000e-01
7.135000e+03  8.919890e-01
7.160000e+03  9.288900e-01
7.185000e+03  9.467940e-01
7.210000e+03  9.739550e-01
7.235000e+03  9.873180e-01
7.260000e+03  9.904240e-01
7.285000e+03  9.864700e-01
7.310000e+03  9.958290e-01
7.335000e+03  9.951080e-01
7.360000e+03  9.983560e-01
7.385000e+03  1.000000e+00
7.410000e+03  9.949970e-01
7.435000e+03  9.797890e-01
7.460000e+03  9.691970e-01
7.485000e+03  9.671940e-01
7.510000e+03  9.694680e-01
7.535000e+03  9.795400e-01
7.560000e+03  9.754100e-01
7.585000e+03  9.679340e-01
7.610000e+03  9.583930e-01
7.635000e+03  9.555070e-01
7.660000e+03  9.482370e-01
7.685000e+03  9.350160e-01
7.710000e+03  9.106600e-01
7.735000e+03  8.893430e-01
7.760000e+03  8.805730e-01
7.785000e+03  8.830670e-01
7.810000e+03  8.915160e-01
7.835000e+03  8.947120e-01
7.860000e+03  8.840030e-01
7.885000e+03  8.680880e-01
7.910000e+03  8.533150e-01
7.935000e+03  8.417950e-01
7.960000e+03  8.263260e-01
7.985000e+03  8.127900e-01
8.010000e+03  7.957910e-01
8.035000e+03  7.844050e-01
8.060000e+03  7.838540e-01
8.085000e+03  7.862010e-01
8.110000e+03  7.877040e-01
8.135000e+03  7.830480e-01
8.160000e+03  7.754030e-01
8.185000e+03  7.707450e-01
8.210000e+03  7.670060e-01
8.235000e+03  7.521380e-01
8.260000e+03  7.319970e-01
8.285000e+03  7.133250e-01
8.310000e+03  6.928690e-01
8.335000e+03  6.785470e-01
8.360000e+03  6.674670e-01
8.385000e+03  6.616410e-01
8.410000e+03  6.602360e-01
8.435000e+03  6.448850e-01
8.460000e+03  6.138630e-01
8.485000e+03  5.768830e-01
8.510000e+03  4.974970e-01
8.535000e+03  3.373930e-01
8.560000e+03  1.529160e-01
8.585000e+03  5.212170e-02
8.610000e+03  2.314340e-02
8.635000e+03  0.000000e+00
8.660000e+03  0.000000e+00
