6.535000e+03  0.000000e+00
6.560000e+03  0.000000e+00
6.585000e+03  2.978070e-03
6.610000e+03  3.590910e-03
6.635000e+03  4.407110e-03
6.660000e+03  5.224010e-03
6.685000e+03  6.042260e-03
6.710000e+03  6.861930e-03
6.735000e+03  7.682320e-03
6.760000e+03  8.498400e-03
6.785000e+03  9.312770e-03
6.810000e+03  1.328520e-02
6.835000e+03  2.679090e-02
6.860000e+03  5.102280e-02
6.885000e+03  9.419680e-02
6.910000e+03  1.558130e-01
6.935000e+03  2.357460e-01
6.960000e+03  3.372660e-01
6.985000e+03  4.427150e-01
7.010000e+03  5.556370e-01
7.035000e+03  6.516600e-01
7.060000e+03  7.304910e-01
7.085000e+03  7.994340e-01
7.110000e+03  8.547130e-01
7.135000e+03  8.924890e-01
7.160000e+03  9.293710e-01
7.185000e+03  9.472400e-01
7.210000e+03  9.743660e-01
7.235000e+03  9.876830e-01
7.260000e+03  9.907370e-01
7.285000e+03  9.867240e-01
7.310000e+03  9.960260e-01
7.335000e+03  9.952420e-01
7.360000e+03  9.984250e-01
7.385000e+03  1.000000e+00
7.410000e+03  9.949250e-01
7.435000e+03  9.796450e-01
7.460000e+03  9.689800e-01
7.485000e+03  9.669000e-01
7.510000e+03  9.690930e-01
7.535000e+03  9.790750e-01
7.560000e+03  9.748610e-01
7.585000e+03  9.673010e-01
7.610000e+03  9.576750e-01
7.635000e+03  9.546990e-01
7.660000e+03  9.473390e-01
7.685000e+03  9.340350e-01
7.710000e+03  9.096080e-01
7.735000e+03  8.882180e-01
7.760000e+03  8.793620e-01
7.785000e+03  8.817510e-01
7.810000e+03  8.900830e-01
7.835000e+03  8.931660e-01
7.860000e+03  8.823670e-01
7.885000e+03  8.663720e-01
7.910000e+03  8.515190e-01
7.935000e+03  8.399120e-01
7.960000e+03  8.243660e-01
7.985000e+03  8.107510e-01
8.010000e+03  7.936840e-01
8.035000e+03  7.822160e-01
8.060000e+03  7.815520e-01
8.085000e+03  7.837760e-01
8.110000e+03  7.851540e-01
8.135000e+03  7.803930e-01
8.160000e+03  7.726520e-01
8.185000e+03  7.678880e-01
8.210000e+03  7.640380e-01
8.235000e+03  7.491030e-01
8.260000e+03  7.289210e-01
8.285000e+03  7.102050e-01
8.310000e+03  6.897180e-01
8.335000e+03  6.753410e-01
8.360000e+03  6.641930e-01
8.385000e+03  6.582750e-01
8.410000e+03  6.567550e-01
8.435000e+03  6.413640e-01
8.460000e+03  6.103950e-01
8.485000e+03  5.735130e-01
8.510000e+03  4.944940e-01
8.535000e+03  3.352910e-01
8.560000e+03  1.519340e-01
8.585000e+03  5.177630e-02
8.610000e+03  2.298610e-02
8.635000e+03  0.000000e+00
8.660000e+03  0.000000e+00
