6.770000e+03  0.000000e+00
6.795000e+03  0.000000e+00
6.820000e+03  5.077720e-03
6.845000e+03  6.322440e-03
6.870000e+03  8.016010e-03
6.895000e+03  1.664690e-02
6.920000e+03  4.087180e-02
6.945000e+03  8.555540e-02
6.970000e+03  1.534680e-01
6.995000e+03  2.278840e-01
7.020000e+03  3.193560e-01
7.045000e+03  4.322630e-01
7.070000e+03  5.400280e-01
7.095000e+03  6.351650e-01
7.120000e+03  7.087530e-01
7.145000e+03  7.694200e-01
7.170000e+03  8.141730e-01
7.195000e+03  8.700480e-01
7.220000e+03  9.090870e-01
7.245000e+03  9.432640e-01
7.270000e+03  9.685090e-01
7.295000e+03  9.701180e-01
7.320000e+03  9.738350e-01
7.345000e+03  9.819780e-01
7.370000e+03  9.792390e-01
7.395000e+03  9.941480e-01
7.420000e+03  9.873280e-01
7.445000e+03  1.000000e+00
7.470000e+03  9.869630e-01
7.495000e+03  9.874530e-01
7.520000e+03  9.692030e-01
7.545000e+03  9.503230e-01
7.570000e+03  9.373920e-01
7.595000e+03  9.338300e-01
7.620000e+03  9.332270e-01
7.645000e+03  9.593500e-01
7.670000e+03  9.657050e-01
7.695000e+03  9.448870e-01
7.720000e+03  9.267790e-01
7.745000e+03  9.050320e-01
7.770000e+03  8.897860e-01
7.795000e+03  8.717210e-01
7.820000e+03  8.752750e-01
7.845000e+03  8.806870e-01
7.870000e+03  8.883750e-01
7.895000e+03  8.848180e-01
7.920000e+03  8.812130e-01
7.945000e+03  8.681190e-01
7.970000e+03  8.506790e-01
7.995000e+03  8.527210e-01
8.020000e+03  8.357190e-01
8.045000e+03  8.328680e-01
8.070000e+03  8.230800e-01
8.095000e+03  8.160620e-01
8.120000e+03  8.215020e-01
8.145000e+03  8.003870e-01
8.170000e+03  7.931160e-01
8.195000e+03  7.823910e-01
8.220000e+03  7.755160e-01
8.245000e+03  7.656290e-01
8.270000e+03  7.598900e-01
8.295000e+03  7.500090e-01
8.320000e+03  7.357150e-01
8.345000e+03  7.280300e-01
8.370000e+03  7.202590e-01
8.395000e+03  7.121670e-01
8.420000e+03  7.048110e-01
8.445000e+03  6.978450e-01
8.470000e+03  6.835900e-01
8.495000e+03  6.745580e-01
8.520000e+03  6.699110e-01
8.545000e+03  6.598160e-01
8.570000e+03  6.609020e-01
8.595000e+03  6.456660e-01
8.620000e+03  6.338660e-01
8.645000e+03  6.253170e-01
8.670000e+03  6.144570e-01
8.695000e+03  6.010040e-01
8.720000e+03  5.895660e-01
8.745000e+03  5.773460e-01
8.770000e+03  5.682700e-01
8.795000e+03  5.611140e-01
8.820000e+03  5.552570e-01
8.845000e+03  5.481900e-01
8.870000e+03  5.364750e-01
8.895000e+03  5.242530e-01
8.920000e+03  5.074370e-01
8.945000e+03  4.972340e-01
8.970000e+03  4.799780e-01
8.995000e+03  4.736390e-01
9.020000e+03  4.691600e-01
9.045000e+03  4.575170e-01
9.070000e+03  4.473580e-01
9.095000e+03  4.345210e-01
9.120000e+03  4.272240e-01
9.145000e+03  4.153510e-01
9.170000e+03  4.082000e-01
9.195000e+03  4.011890e-01
9.220000e+03  3.959130e-01
9.245000e+03  3.872020e-01
9.270000e+03  3.828090e-01
9.295000e+03  3.723070e-01
9.320000e+03  3.637350e-01
9.345000e+03  3.529430e-01
9.370000e+03  3.424970e-01
9.395000e+03  3.307650e-01
9.420000e+03  3.123960e-01
9.445000e+03  2.988930e-01
9.470000e+03  2.824870e-01
9.495000e+03  2.703220e-01
9.520000e+03  2.652110e-01
9.545000e+03  2.508790e-01
9.570000e+03  1.875690e-01
9.595000e+03  9.114760e-02
9.620000e+03  3.902220e-02
9.645000e+03  0.000000e+00
9.670000e+03  0.000000e+00
