7.855000e+03  0.000000e+00
7.885000e+03  0.000000e+00
7.915000e+03  2.100940e-03
7.945000e+03  3.159640e-03
7.975000e+03  5.377070e-03
8.005000e+03  1.025990e-02
8.035000e+03  1.899090e-02
8.065000e+03  3.115490e-02
8.095000e+03  5.166350e-02
8.125000e+03  8.180620e-02
8.155000e+03  1.235320e-01
8.185000e+03  1.789290e-01
8.215000e+03  2.475040e-01
8.245000e+03  3.228530e-01
8.275000e+03  4.152160e-01
8.305000e+03  5.091200e-01
8.335000e+03  6.022330e-01
8.365000e+03  6.903250e-01
8.395000e+03  7.648440e-01
8.425000e+03  8.253500e-01
8.455000e+03  8.752520e-01
8.485000e+03  9.219180e-01
8.515000e+03  9.537550e-01
8.545000e+03  9.762830e-01
8.575000e+03  9.885460e-01
8.605000e+03  1.000000e+00
8.635000e+03  9.958600e-01
8.665000e+03  9.944920e-01
8.695000e+03  9.893830e-01
8.725000e+03  9.794070e-01
8.755000e+03  9.700580e-01
8.785000e+03  9.571640e-01
8.815000e+03  9.409980e-01
8.845000e+03  9.233440e-01
8.875000e+03  9.110300e-01
8.905000e+03  8.937070e-01
8.935000e+03  8.763950e-01
8.965000e+03  8.586800e-01
8.995000e+03  8.426380e-01
9.025000e+03  8.227910e-01
9.055000e+03  8.033500e-01
9.085000e+03  7.855530e-01
9.115000e+03  7.676210e-01
9.145000e+03  7.480980e-01
9.175000e+03  7.309800e-01
9.205000e+03  7.107400e-01
9.235000e+03  6.928370e-01
9.265000e+03  6.759280e-01
9.295000e+03  6.600670e-01
9.325000e+03  6.402650e-01
9.355000e+03  6.228270e-01
9.385000e+03  6.036370e-01
9.415000e+03  5.809730e-01
9.445000e+03  5.585980e-01
9.475000e+03  5.353240e-01
9.505000e+03  5.112070e-01
9.535000e+03  4.852160e-01
9.565000e+03  4.660160e-01
9.595000e+03  4.456130e-01
9.625000e+03  4.236300e-01
9.655000e+03  4.035120e-01
9.685000e+03  3.818520e-01
9.715000e+03  3.613910e-01
9.745000e+03  3.419430e-01
9.775000e+03  3.217760e-01
9.805000e+03  3.042730e-01
9.835000e+03  2.908710e-01
9.865000e+03  2.768060e-01
9.895000e+03  2.639990e-01
9.925000e+03  2.501400e-01
9.955000e+03  2.369000e-01
9.985000e+03  2.240000e-01
1.001500e+04  2.112580e-01
1.004500e+04  2.012550e-01
1.007500e+04  1.908670e-01
1.010500e+04  1.801330e-01
1.013500e+04  1.701280e-01
1.016500e+04  1.590390e-01
1.019500e+04  1.483300e-01
1.022500e+04  1.400100e-01
1.025500e+04  1.321430e-01
1.028500e+04  1.241780e-01
1.031500e+04  1.162870e-01
1.034500e+04  1.083720e-01
1.037500e+04  1.004370e-01
1.040500e+04  9.265730e-02
1.043500e+04  8.652930e-02
1.046500e+04  8.062060e-02
1.049500e+04  7.439570e-02
1.052500e+04  6.839370e-02
1.055500e+04  6.234350e-02
1.058500e+04  5.633740e-02
1.061500e+04  5.116070e-02
1.064500e+04  4.679600e-02
1.067500e+04  4.241980e-02
1.070500e+04  3.802020e-02
1.073500e+04  3.360120e-02
1.076500e+04  2.922260e-02
1.079500e+04  2.458560e-02
1.082500e+04  1.892600e-02
1.085500e+04  0.000000e+00
1.088500e+04  0.000000e+00
