7.860000e+03  0.000000e+00
7.890000e+03  0.000000e+00
7.920000e+03  2.308110e-03
7.950000e+03  3.398650e-03
7.980000e+03  5.848270e-03
8.010000e+03  1.152930e-02
8.040000e+03  2.057940e-02
8.070000e+03  3.360010e-02
8.100000e+03  5.588540e-02
8.130000e+03  8.722920e-02
8.160000e+03  1.313160e-01
8.190000e+03  1.887280e-01
8.220000e+03  2.588020e-01
8.250000e+03  3.353280e-01
8.280000e+03  4.295090e-01
8.310000e+03  5.210440e-01
8.340000e+03  6.170410e-01
8.370000e+03  7.011510e-01
8.400000e+03  7.755480e-01
8.430000e+03  8.316520e-01
8.460000e+03  8.795580e-01
8.490000e+03  9.256530e-01
8.520000e+03  9.568230e-01
8.550000e+03  9.763830e-01
8.580000e+03  9.887940e-01
8.610000e+03  1.000000e+00
8.640000e+03  9.941120e-01
8.670000e+03  9.925310e-01
8.700000e+03  9.881640e-01
8.730000e+03  9.768130e-01
8.760000e+03  9.685040e-01
8.790000e+03  9.549690e-01
8.820000e+03  9.374030e-01
8.850000e+03  9.229220e-01
8.880000e+03  9.092650e-01
8.910000e+03  8.913760e-01
8.940000e+03  8.755460e-01
8.970000e+03  8.572400e-01
9.000000e+03  8.418870e-01
9.030000e+03  8.213630e-01
9.060000e+03  8.026130e-01
9.090000e+03  7.848670e-01
9.120000e+03  7.676540e-01
9.150000e+03  7.478770e-01
9.180000e+03  7.305050e-01
9.210000e+03  7.107610e-01
9.240000e+03  6.935540e-01
9.270000e+03  6.768120e-01
9.300000e+03  6.605830e-01
9.330000e+03  6.411550e-01
9.360000e+03  6.235430e-01
9.390000e+03  6.039000e-01
9.420000e+03  5.813260e-01
9.450000e+03  5.586280e-01
9.480000e+03  5.358490e-01
9.510000e+03  5.108510e-01
9.540000e+03  4.855250e-01
9.570000e+03  4.671620e-01
9.600000e+03  4.458810e-01
9.630000e+03  4.242480e-01
9.660000e+03  4.040550e-01
9.690000e+03  3.821850e-01
9.720000e+03  3.620780e-01
9.750000e+03  3.424160e-01
9.780000e+03  3.222130e-01
9.810000e+03  3.056560e-01
9.840000e+03  2.920610e-01
9.870000e+03  2.781940e-01
9.900000e+03  2.652750e-01
9.930000e+03  2.512270e-01
9.960000e+03  2.381950e-01
9.990000e+03  2.249570e-01
1.002000e+04  2.126690e-01
1.005000e+04  2.027300e-01
1.008000e+04  1.920700e-01
1.011000e+04  1.813970e-01
1.014000e+04  1.712320e-01
1.017000e+04  1.599110e-01
1.020000e+04  1.494140e-01
1.023000e+04  1.412610e-01
1.026000e+04  1.332890e-01
1.029000e+04  1.252490e-01
1.032000e+04  1.172600e-01
1.035000e+04  1.092290e-01
1.038000e+04  1.011650e-01
1.041000e+04  9.349670e-02
1.044000e+04  8.743760e-02
1.047000e+04  8.137890e-02
1.050000e+04  7.505970e-02
1.053000e+04  6.897340e-02
1.056000e+04  6.281830e-02
1.059000e+04  5.671410e-02
1.062000e+04  5.169940e-02
1.065000e+04  4.724650e-02
1.068000e+04  4.278050e-02
1.071000e+04  3.827840e-02
1.074000e+04  3.376650e-02
1.077000e+04  2.928750e-02
1.080000e+04  2.420020e-02
1.083000e+04  1.804430e-02
1.086000e+04  0.000000e+00
1.089000e+04  0.000000e+00
