2.960000e+03  0.000000e+00
2.980000e+03  0.000000e+00
3.000000e+03  1.184340e-07
3.020000e+03  1.095800e-11
3.040000e+03  1.966430e-11
3.060000e+03  2.770640e-11
3.080000e+03  3.534130e-11
3.100000e+03  4.269040e-11
3.120000e+03  4.981730e-11
3.140000e+03  5.676680e-11
3.160000e+03  6.532430e-11
3.180000e+03  4.853190e-05
3.200000e+03  1.146910e-04
3.220000e+03  1.669550e-04
3.240000e+03  2.292180e-04
3.260000e+03  2.973900e-04
3.280000e+03  3.737160e-04
3.300000e+03  5.180870e-04
3.320000e+03  6.701580e-04
3.340000e+03  7.267020e-04
3.360000e+03  7.890720e-04
3.380000e+03  8.498950e-04
3.400000e+03  9.082060e-04
3.420000e+03  9.824830e-04
3.440000e+03  1.053250e-03
3.460000e+03  1.124190e-03
3.480000e+03  1.214080e-03
3.500000e+03  1.329990e-03
3.520000e+03  1.440620e-03
3.540000e+03  1.599190e-03
3.560000e+03  1.926370e-03
3.580000e+03  1.782650e-03
3.600000e+03  1.606750e-03
3.620000e+03  1.351670e-03
3.640000e+03  8.667730e-04
3.660000e+03  8.481760e-04
3.680000e+03  8.271540e-04
3.700000e+03  8.200470e-04
3.720000e+03  7.981750e-04
3.740000e+03  7.915240e-04
3.760000e+03  8.060110e-04
3.780000e+03  8.073810e-04
3.800000e+03  8.329910e-04
3.820000e+03  8.853720e-04
3.840000e+03  9.460510e-04
3.860000e+03  1.062350e-03
3.880000e+03  1.210740e-03
3.900000e+03  1.421250e-03
3.920000e+03  1.765670e-03
3.940000e+03  2.287820e-03
3.960000e+03  3.105430e-03
3.980000e+03  4.416400e-03
4.000000e+03  6.662310e-03
4.020000e+03  1.123740e-02
4.040000e+03  2.056110e-02
4.060000e+03  3.922360e-02
4.080000e+03  7.629340e-02
4.100000e+03  1.409010e-01
4.120000e+03  2.383930e-01
4.140000e+03  3.652870e-01
4.160000e+03  5.007530e-01
4.180000e+03  6.209620e-01
4.200000e+03  7.073610e-01
4.220000e+03  7.539870e-01
4.240000e+03  7.746520e-01
4.260000e+03  7.846850e-01
4.280000e+03  7.960450e-01
4.300000e+03  8.091800e-01
4.320000e+03  8.194400e-01
4.340000e+03  8.251480e-01
4.360000e+03  8.274890e-01
4.380000e+03  8.314290e-01
4.400000e+03  8.400390e-01
4.420000e+03  8.536570e-01
4.440000e+03  8.688810e-01
4.460000e+03  8.817260e-01
4.480000e+03  8.907510e-01
4.500000e+03  8.975480e-01
4.520000e+03  9.045640e-01
4.540000e+03  9.136600e-01
4.560000e+03  9.254820e-01
4.580000e+03  9.395560e-01
4.600000e+03  9.518670e-01
4.620000e+03  9.587170e-01
4.640000e+03  9.597790e-01
4.660000e+03  9.560690e-01
4.680000e+03  9.509190e-01
4.700000e+03  9.478630e-01
4.720000e+03  9.482010e-01
4.740000e+03  9.535060e-01
4.760000e+03  9.630710e-01
4.780000e+03  9.744020e-01
4.800000e+03  9.849470e-01
4.820000e+03  9.926170e-01
4.840000e+03  9.965880e-01
4.860000e+03  9.977970e-01
4.880000e+03  9.988120e-01
4.900000e+03  1.000000e+00
4.920000e+03  9.997870e-01
4.940000e+03  9.956160e-01
4.960000e+03  9.843300e-01
4.980000e+03  9.675550e-01
5.000000e+03  9.501720e-01
5.020000e+03  9.369840e-01
5.040000e+03  9.310950e-01
5.060000e+03  9.298020e-01
5.080000e+03  9.284670e-01
5.100000e+03  9.234730e-01
5.120000e+03  9.143170e-01
5.140000e+03  9.037520e-01
5.160000e+03  8.949730e-01
5.180000e+03  8.914300e-01
5.200000e+03  8.951610e-01
5.220000e+03  9.069190e-01
5.240000e+03  9.232870e-01
5.260000e+03  9.378730e-01
5.280000e+03  9.417740e-01
5.300000e+03  9.347440e-01
5.320000e+03  9.220760e-01
5.340000e+03  9.114510e-01
5.360000e+03  9.101920e-01
5.380000e+03  9.154830e-01
5.400000e+03  9.183700e-01
5.420000e+03  9.085880e-01
5.440000e+03  8.804130e-01
5.460000e+03  8.365570e-01
5.480000e+03  7.869950e-01
5.500000e+03  7.413790e-01
5.520000e+03  7.048590e-01
5.540000e+03  6.726380e-01
5.560000e+03  6.345980e-01
5.580000e+03  5.822080e-01
5.600000e+03  5.121430e-01
5.620000e+03  4.278160e-01
5.640000e+03  3.368490e-01
5.660000e+03  2.488660e-01
5.680000e+03  1.726020e-01
5.700000e+03  1.127440e-01
5.720000e+03  7.012780e-02
5.740000e+03  4.236390e-02
5.760000e+03  2.497520e-02
5.780000e+03  1.440270e-02
5.800000e+03  8.318340e-03
5.820000e+03  4.931510e-03
5.840000e+03  3.038450e-03
5.860000e+03  1.965750e-03
5.880000e+03  1.434810e-03
5.900000e+03  1.221650e-03
5.920000e+03  1.135390e-03
5.940000e+03  1.122910e-03
5.960000e+03  1.068630e-03
5.980000e+03  9.936910e-04
6.000000e+03  8.459100e-04
6.020000e+03  6.887030e-04
6.040000e+03  5.213110e-04
6.060000e+03  3.854570e-04
6.080000e+03  3.018620e-04
6.100000e+03  2.496090e-04
6.120000e+03  2.388950e-04
6.140000e+03  2.385820e-04
6.160000e+03  2.382690e-04
6.180000e+03  2.378950e-04
6.200000e+03  2.372420e-04
6.220000e+03  2.672240e-04
6.240000e+03  2.969920e-04
6.260000e+03  3.469450e-04
6.280000e+03  3.761980e-04
6.300000e+03  3.849650e-04
6.320000e+03  3.734760e-04
6.340000e+03  3.218920e-04
6.360000e+03  2.908760e-04
6.380000e+03  2.700280e-04
6.400000e+03  2.692460e-04
6.420000e+03  2.684610e-04
6.440000e+03  2.676750e-04
6.460000e+03  2.668930e-04
6.480000e+03  2.661060e-04
6.500000e+03  2.653180e-04
6.520000e+03  2.643900e-04
6.540000e+03  2.829760e-04
6.560000e+03  3.111500e-04
6.580000e+03  3.391190e-04
6.600000e+03  3.668830e-04
6.620000e+03  3.848210e-04
6.640000e+03  3.834510e-04
6.660000e+03  3.629760e-04
6.680000e+03  3.616760e-04
6.700000e+03  3.603760e-04
6.720000e+03  3.590850e-04
6.740000e+03  3.577380e-04
6.760000e+03  3.564000e-04
6.780000e+03  3.550550e-04
6.800000e+03  3.537160e-04
6.820000e+03  3.709240e-04
6.840000e+03  3.710080e-04
6.860000e+03  3.795120e-04
6.880000e+03  3.701570e-04
6.900000e+03  3.827220e-04
6.920000e+03  4.042120e-04
6.940000e+03  4.171300e-04
6.960000e+03  4.391370e-04
6.980000e+03  4.433470e-04
7.000000e+03  4.513050e-04
7.020000e+03  4.500150e-04
7.040000e+03  4.756440e-04
7.060000e+03  4.921630e-04
7.080000e+03  4.996590e-04
7.100000e+03  5.337860e-04
7.120000e+03  5.586870e-04
7.140000e+03  5.557620e-04
7.160000e+03  5.593880e-04
7.180000e+03  5.610280e-04
7.200000e+03  5.749250e-04
7.220000e+03  5.971570e-04
7.240000e+03  6.196830e-04
7.260000e+03  6.255420e-04
7.280000e+03  6.477280e-04
7.300000e+03  6.615380e-04
7.320000e+03  6.768860e-04
7.340000e+03  7.089260e-04
7.360000e+03  7.218530e-04
7.380000e+03  7.341360e-04
7.400000e+03  7.626300e-04
7.420000e+03  7.825910e-04
7.440000e+03  7.941380e-04
7.460000e+03  8.216160e-04
7.480000e+03  8.408770e-04
7.500000e+03  8.759150e-04
7.520000e+03  9.184080e-04
7.540000e+03  9.603630e-04
7.560000e+03  9.939290e-04
7.580000e+03  1.011380e-03
7.600000e+03  6.904110e-04
7.620000e+03  7.885760e-04
7.640000e+03  7.846750e-04
7.660000e+03  1.000480e-03
7.680000e+03  1.178670e-03
7.700000e+03  1.180640e-03
7.720000e+03  1.165880e-03
7.740000e+03  0.000000e+00
7.760000e+03  0.000000e+00
