4.185000e+03  0.000000e+00
4.200000e+03  0.000000e+00
4.215000e+03  1.367290e-01
4.230000e+03  2.563410e-01
4.245000e+03  3.938330e-01
4.260000e+03  5.255120e-01
4.275000e+03  6.351760e-01
4.290000e+03  7.548040e-01
4.305000e+03  8.223790e-01
4.320000e+03  7.968490e-01
4.335000e+03  7.601670e-01
4.350000e+03  7.760830e-01
4.365000e+03  8.060730e-01
4.380000e+03  7.977040e-01
4.395000e+03  7.688300e-01
4.410000e+03  7.668860e-01
4.425000e+03  7.868860e-01
4.440000e+03  7.963870e-01
4.455000e+03  7.888540e-01
4.470000e+03  7.820720e-01
4.485000e+03  7.754380e-01
4.500000e+03  7.593320e-01
4.515000e+03  7.419620e-01
4.530000e+03  7.482990e-01
4.545000e+03  7.928650e-01
4.560000e+03  8.578640e-01
4.575000e+03  8.997760e-01
4.590000e+03  8.972540e-01
4.605000e+03  8.761460e-01
4.620000e+03  8.716150e-01
4.635000e+03  8.904280e-01
4.650000e+03  9.150790e-01
4.665000e+03  9.270240e-01
4.680000e+03  9.227680e-01
4.695000e+03  9.143250e-01
4.710000e+03  9.177640e-01
4.725000e+03  9.323680e-01
4.740000e+03  9.371820e-01
4.755000e+03  9.223950e-01
4.770000e+03  9.058460e-01
4.785000e+03  9.058790e-01
4.800000e+03  9.172310e-01
4.815000e+03  9.232000e-01
4.830000e+03  9.157040e-01
4.845000e+03  8.997470e-01
4.860000e+03  8.828060e-01
4.875000e+03  8.734290e-01
4.890000e+03  8.809950e-01
4.905000e+03  9.040170e-01
4.920000e+03  9.232800e-01
4.935000e+03  9.211960e-01
4.950000e+03  9.074750e-01
4.965000e+03  9.061800e-01
4.980000e+03  9.265070e-01
4.995000e+03  9.583270e-01
5.010000e+03  9.872010e-01
5.025000e+03  1.000000e+00
5.040000e+03  9.895710e-01
5.055000e+03  9.664140e-01
5.070000e+03  9.480360e-01
5.085000e+03  9.471860e-01
5.100000e+03  9.541910e-01
5.115000e+03  9.533430e-01
5.130000e+03  9.451770e-01
5.145000e+03  9.295350e-01
5.160000e+03  8.904210e-01
5.175000e+03  8.451920e-01
5.190000e+03  8.409400e-01
5.205000e+03  8.661800e-01
5.220000e+03  7.680610e-01
5.235000e+03  4.555460e-01
5.250000e+03  2.210430e-01
5.265000e+03  0.000000e+00
5.280000e+03  0.000000e+00
