1.432000e+04  0.000000e+00
1.437000e+04  0.000000e+00
1.442000e+04  2.229720e-03
1.447000e+04  4.012960e-03
1.452000e+04  1.007400e-02
1.457000e+04  3.453490e-02
1.462000e+04  8.991660e-02
1.467000e+04  2.112170e-01
1.472000e+04  3.458940e-01
1.477000e+04  5.776480e-01
1.482000e+04  6.228680e-01
1.487000e+04  6.913400e-01
1.492000e+04  7.609610e-01
1.497000e+04  8.364620e-01
1.502000e+04  8.772830e-01
1.507000e+04  8.715440e-01
1.512000e+04  9.003140e-01
1.517000e+04  9.224690e-01
1.522000e+04  9.395240e-01
1.527000e+04  9.538840e-01
1.532000e+04  9.526770e-01
1.537000e+04  9.440010e-01
1.542000e+04  9.407060e-01
1.547000e+04  9.371770e-01
1.552000e+04  9.422790e-01
1.557000e+04  9.553340e-01
1.562000e+04  9.705830e-01
1.567000e+04  9.789420e-01
1.572000e+04  9.392380e-01
1.577000e+04  9.416870e-01
1.582000e+04  9.427360e-01
1.587000e+04  9.701890e-01
1.592000e+04  9.810550e-01
1.597000e+04  9.784800e-01
1.602000e+04  9.241050e-01
1.607000e+04  9.300400e-01
1.612000e+04  9.515630e-01
1.617000e+04  9.880390e-01
1.622000e+04  1.000000e+00
1.627000e+04  9.970890e-01
1.632000e+04  9.419980e-01
1.637000e+04  7.791430e-01
1.642000e+04  4.949290e-01
1.647000e+04  2.467110e-01
1.652000e+04  1.051070e-01
1.657000e+04  4.550220e-02
1.662000e+04  2.054780e-02
1.667000e+04  9.675060e-03
1.672000e+04  5.248510e-03
1.677000e+04  3.069280e-03
1.682000e+04  1.883900e-03
1.687000e+04  1.333840e-03
1.692000e+04  9.488440e-04
1.697000e+04  7.442800e-04
1.702000e+04  6.370350e-04
1.707000e+04  6.044530e-04
1.712000e+04  4.750530e-04
1.717000e+04  5.026190e-04
1.722000e+04  4.326960e-04
1.727000e+04  4.495940e-04
1.732000e+04  4.510120e-04
1.737000e+04  4.215440e-04
1.742000e+04  4.042230e-04
1.747000e+04  4.286610e-04
1.752000e+04  4.109160e-04
1.757000e+04  4.549040e-04
1.762000e+04  4.336300e-04
1.767000e+04  3.944580e-04
1.772000e+04  0.000000e+00
1.777000e+04  0.000000e+00
