1.481000e+04  0.000000e+00
1.486500e+04  0.000000e+00
1.492000e+04  3.191420e-04
1.497500e+04  3.354430e-04
1.503000e+04  2.810510e-04
1.508500e+04  3.548170e-04
1.514000e+04  3.577450e-04
1.519500e+04  3.527160e-04
1.525000e+04  3.555460e-04
1.530500e+04  4.093550e-04
1.536000e+04  3.494680e-04
1.541500e+04  3.813150e-04
1.547000e+04  3.925800e-04
1.552500e+04  4.277990e-04
1.558000e+04  4.641700e-04
1.563500e+04  5.398260e-04
1.569000e+04  6.915990e-04
1.574500e+04  9.398000e-04
1.580000e+04  1.646510e-03
1.585500e+04  2.943100e-03
1.591000e+04  5.629730e-03
1.596500e+04  1.131660e-02
1.602000e+04  2.344760e-02
1.607500e+04  5.866760e-02
1.613000e+04  1.601900e-01
1.618500e+04  3.862340e-01
1.624000e+04  6.690860e-01
1.629500e+04  8.585210e-01
1.635000e+04  9.474900e-01
1.640500e+04  9.705240e-01
1.646000e+04  9.774630e-01
1.651500e+04  9.698120e-01
1.657000e+04  9.915320e-01
1.662500e+04  1.000000e+00
1.668000e+04  9.721880e-01
1.673500e+04  9.963740e-01
1.679000e+04  9.827890e-01
1.684500e+04  9.747480e-01
1.690000e+04  9.758910e-01
1.695500e+04  9.778750e-01
1.701000e+04  9.811210e-01
1.706500e+04  9.782020e-01
1.712000e+04  9.867820e-01
1.717500e+04  9.899360e-01
1.723000e+04  9.815680e-01
1.728500e+04  9.678460e-01
1.734000e+04  9.357280e-01
1.739500e+04  9.466810e-01
1.745000e+04  9.314300e-01
1.750500e+04  9.176870e-01
1.756000e+04  9.431470e-01
1.761500e+04  9.678180e-01
1.767000e+04  9.089600e-01
1.772500e+04  9.561310e-01
1.778000e+04  8.795910e-01
1.783500e+04  8.601940e-01
1.789000e+04  7.812620e-01
1.794500e+04  5.567080e-01
1.800000e+04  2.912850e-01
1.805500e+04  1.085020e-01
1.811000e+04  4.385640e-02
1.816500e+04  1.969180e-02
1.822000e+04  0.000000e+00
1.827500e+04  0.000000e+00
