1.441000e+04  0.000000e+00
1.446000e+04  0.000000e+00
1.451000e+04  1.828610e-03
1.456000e+04  3.183170e-03
1.461000e+04  5.935600e-03
1.466000e+04  1.316650e-02
1.471000e+04  3.243870e-02
1.476000e+04  1.023000e-01
1.481000e+04  2.152900e-01
1.486000e+04  4.068300e-01
1.491000e+04  6.101220e-01
1.496000e+04  8.100610e-01
1.501000e+04  8.980180e-01
1.506000e+04  9.101840e-01
1.511000e+04  9.413620e-01
1.516000e+04  9.619320e-01
1.521000e+04  9.616770e-01
1.526000e+04  9.772370e-01
1.531000e+04  9.769070e-01
1.536000e+04  9.732480e-01
1.541000e+04  9.814130e-01
1.546000e+04  9.839120e-01
1.551000e+04  9.864170e-01
1.556000e+04  9.867130e-01
1.561000e+04  9.854790e-01
1.566000e+04  9.856260e-01
1.571000e+04  9.524200e-01
1.576000e+04  9.448830e-01
1.581000e+04  9.529210e-01
1.586000e+04  9.808240e-01
1.591000e+04  9.989830e-01
1.596000e+04  1.000000e+00
1.601000e+04  9.549560e-01
1.606000e+04  9.241100e-01
1.611000e+04  9.353810e-01
1.616000e+04  9.669910e-01
1.621000e+04  9.787900e-01
1.626000e+04  9.856190e-01
1.631000e+04  9.812800e-01
1.636000e+04  9.786900e-01
1.641000e+04  9.654790e-01
1.646000e+04  9.697420e-01
1.651000e+04  9.615070e-01
1.656000e+04  9.748000e-01
1.661000e+04  9.806630e-01
1.666000e+04  9.561980e-01
1.671000e+04  9.698710e-01
1.676000e+04  9.820770e-01
1.681000e+04  9.732320e-01
1.686000e+04  9.878260e-01
1.691000e+04  9.863410e-01
1.696000e+04  9.878290e-01
1.701000e+04  9.855140e-01
1.706000e+04  9.750300e-01
1.711000e+04  9.692690e-01
1.716000e+04  9.697030e-01
1.721000e+04  9.675840e-01
1.726000e+04  9.452730e-01
1.731000e+04  9.450240e-01
1.736000e+04  9.339100e-01
1.741000e+04  9.465080e-01
1.746000e+04  9.182620e-01
1.751000e+04  9.126070e-01
1.756000e+04  9.255890e-01
1.761000e+04  9.488390e-01
1.766000e+04  8.502620e-01
1.771000e+04  7.276820e-01
1.776000e+04  4.651540e-01
1.781000e+04  2.427770e-01
1.786000e+04  1.109310e-01
1.791000e+04  5.370770e-02
1.796000e+04  2.327330e-02
1.801000e+04  1.087610e-02
1.806000e+04  6.705540e-03
1.811000e+04  0.000000e+00
1.816000e+04  0.000000e+00
