1.450000e+04  0.000000e+00
1.455000e+04  0.000000e+00
1.460000e+04  5.375510e-03
1.465000e+04  1.059920e-02
1.470000e+04  7.708840e-03
1.475000e+04  1.472630e-02
1.480000e+04  2.663640e-02
1.485000e+04  5.463360e-02
1.490000e+04  9.201330e-02
1.495000e+04  1.756890e-01
1.500000e+04  2.937780e-01
1.505000e+04  4.284160e-01
1.510000e+04  5.759120e-01
1.515000e+04  6.974000e-01
1.520000e+04  7.819170e-01
1.525000e+04  8.509400e-01
1.530000e+04  8.791720e-01
1.535000e+04  9.120280e-01
1.540000e+04  9.471890e-01
1.545000e+04  9.615440e-01
1.550000e+04  9.764940e-01
1.555000e+04  9.868280e-01
1.560000e+04  9.935030e-01
1.565000e+04  9.887290e-01
1.570000e+04  9.666370e-01
1.575000e+04  9.399610e-01
1.580000e+04  9.457210e-01
1.585000e+04  9.624790e-01
1.590000e+04  9.857550e-01
1.595000e+04  9.883750e-01
1.600000e+04  9.660180e-01
1.605000e+04  9.228190e-01
1.610000e+04  9.472390e-01
1.615000e+04  9.766120e-01
1.620000e+04  9.896280e-01
1.625000e+04  1.000000e+00
1.630000e+04  9.966270e-01
1.635000e+04  9.909990e-01
1.640000e+04  9.852600e-01
1.645000e+04  9.877750e-01
1.650000e+04  9.806950e-01
1.655000e+04  9.853550e-01
1.660000e+04  9.838540e-01
1.665000e+04  9.567620e-01
1.670000e+04  9.489770e-01
1.675000e+04  9.616050e-01
1.680000e+04  9.576350e-01
1.685000e+04  9.671160e-01
1.690000e+04  9.660830e-01
1.695000e+04  9.696720e-01
1.700000e+04  9.629360e-01
1.705000e+04  9.514670e-01
1.710000e+04  9.500720e-01
1.715000e+04  9.550170e-01
1.720000e+04  9.636000e-01
1.725000e+04  9.425290e-01
1.730000e+04  9.467060e-01
1.735000e+04  9.189530e-01
1.740000e+04  9.294290e-01
1.745000e+04  9.146490e-01
1.750000e+04  8.971080e-01
1.755000e+04  9.315290e-01
1.760000e+04  9.503130e-01
1.765000e+04  9.207860e-01
1.770000e+04  9.118650e-01
1.775000e+04  8.833770e-01
1.780000e+04  8.443250e-01
1.785000e+04  8.254410e-01
1.790000e+04  8.190290e-01
1.795000e+04  6.440590e-01
1.800000e+04  4.254250e-01
1.805000e+04  2.160000e-01
1.810000e+04  1.212220e-01
1.815000e+04  6.411440e-02
1.820000e+04  3.300390e-02
1.825000e+04  2.051310e-02
1.830000e+04  0.000000e+00
1.835000e+04  0.000000e+00
