1.296000e+04  0.000000e+00
1.301000e+04  0.000000e+00
1.306000e+04  2.560800e-04
1.311000e+04  2.374090e-04
1.316000e+04  2.201830e-04
1.321000e+04  2.247270e-04
1.326000e+04  1.698400e-04
1.331000e+04  3.832570e-04
1.336000e+04  2.929910e-04
1.341000e+04  2.621970e-04
1.346000e+04  1.741610e-04
1.351000e+04  8.550630e-05
1.356000e+04  4.245320e-05
1.361000e+04  2.376980e-05
1.366000e+04  4.199230e-05
1.371000e+04  2.842490e-05
1.376000e+04  6.311750e-05
1.381000e+04  8.423330e-05
1.386000e+04  3.812960e-05
1.391000e+04  7.348650e-05
1.396000e+04  7.765130e-05
1.401000e+04  9.666530e-05
1.406000e+04  8.580160e-05
1.411000e+04  5.993970e-05
1.416000e+04  9.952030e-05
1.421000e+04  1.165200e-04
1.426000e+04  9.799630e-05
1.431000e+04  1.604310e-04
1.436000e+04  1.625800e-04
1.441000e+04  1.880710e-04
1.446000e+04  2.425930e-04
1.451000e+04  2.286040e-04
1.456000e+04  5.148670e-04
1.461000e+04  1.220950e-03
1.466000e+04  2.435080e-03
1.471000e+04  4.947320e-03
1.476000e+04  1.389090e-02
1.481000e+04  2.996970e-02
1.486000e+04  7.106450e-02
1.491000e+04  1.794350e-01
1.496000e+04  4.646650e-01
1.501000e+04  7.910300e-01
1.506000e+04  8.739980e-01
1.511000e+04  9.102450e-01
1.516000e+04  9.535600e-01
1.521000e+04  9.596890e-01
1.526000e+04  9.624140e-01
1.531000e+04  9.554710e-01
1.536000e+04  9.593690e-01
1.541000e+04  9.771090e-01
1.546000e+04  9.837680e-01
1.551000e+04  9.884260e-01
1.556000e+04  9.879050e-01
1.561000e+04  9.840830e-01
1.566000e+04  9.778330e-01
1.571000e+04  9.418660e-01
1.576000e+04  9.371390e-01
1.581000e+04  9.489320e-01
1.586000e+04  9.797730e-01
1.591000e+04  9.954250e-01
1.596000e+04  9.922260e-01
1.601000e+04  9.488130e-01
1.606000e+04  9.247240e-01
1.611000e+04  9.427790e-01
1.616000e+04  9.760240e-01
1.621000e+04  9.818520e-01
1.626000e+04  9.810500e-01
1.631000e+04  9.722380e-01
1.636000e+04  9.695510e-01
1.641000e+04  9.619970e-01
1.646000e+04  9.732250e-01
1.651000e+04  9.690880e-01
1.656000e+04  9.895920e-01
1.661000e+04  1.000000e+00
1.666000e+04  9.774680e-01
1.671000e+04  9.909700e-01
1.676000e+04  9.998180e-01
1.681000e+04  9.860360e-01
1.686000e+04  9.952640e-01
1.691000e+04  9.910240e-01
1.696000e+04  9.901970e-01
1.701000e+04  9.847230e-01
1.706000e+04  9.753480e-01
1.711000e+04  9.724800e-01
1.716000e+04  9.766340e-01
1.721000e+04  9.819500e-01
1.726000e+04  9.654590e-01
1.731000e+04  9.666030e-01
1.736000e+04  9.546170e-01
1.741000e+04  9.702280e-01
1.746000e+04  9.426090e-01
1.751000e+04  9.350020e-01
1.756000e+04  9.438730e-01
1.761000e+04  9.665920e-01
1.766000e+04  8.902800e-01
1.771000e+04  7.970360e-01
1.776000e+04  5.037520e-01
1.781000e+04  2.562730e-01
1.786000e+04  1.162780e-01
1.791000e+04  5.524930e-02
1.796000e+04  2.227890e-02
1.801000e+04  1.199150e-02
1.806000e+04  0.000000e+00
1.811000e+04  0.000000e+00
