1.416500e+04  0.000000e+00
1.421500e+04  0.000000e+00
1.426500e+04  2.485310e-03
1.431500e+04  2.993670e-03
1.436500e+04  4.424640e-03
1.441500e+04  7.004050e-03
1.446500e+04  1.086390e-02
1.451500e+04  1.615450e-02
1.456500e+04  2.743260e-02
1.461500e+04  4.102650e-02
1.466500e+04  6.013690e-02
1.471500e+04  8.836000e-02
1.476500e+04  1.510210e-01
1.481500e+04  2.277460e-01
1.486500e+04  3.378710e-01
1.491500e+04  4.831310e-01
1.496500e+04  6.143430e-01
1.501500e+04  7.339580e-01
1.506500e+04  8.056190e-01
1.511500e+04  8.564170e-01
1.516500e+04  8.818530e-01
1.521500e+04  8.972930e-01
1.526500e+04  9.044660e-01
1.531500e+04  9.101330e-01
1.536500e+04  9.142380e-01
1.541500e+04  9.217690e-01
1.546500e+04  9.329530e-01
1.551500e+04  9.412000e-01
1.556500e+04  9.489380e-01
1.561500e+04  9.561310e-01
1.566500e+04  9.607060e-01
1.571500e+04  9.218070e-01
1.576500e+04  9.414070e-01
1.581500e+04  9.482600e-01
1.586500e+04  9.753160e-01
1.591500e+04  9.788180e-01
1.596500e+04  9.788750e-01
1.601500e+04  9.371140e-01
1.606500e+04  9.551700e-01
1.611500e+04  9.560550e-01
1.616500e+04  9.901910e-01
1.621500e+04  9.971950e-01
1.626500e+04  1.000000e+00
1.631500e+04  9.987760e-01
1.636500e+04  9.934290e-01
1.641500e+04  9.779710e-01
1.646500e+04  9.677470e-01
1.651500e+04  9.573350e-01
1.656500e+04  9.524030e-01
1.661500e+04  9.431200e-01
1.666500e+04  9.132960e-01
1.671500e+04  9.304300e-01
1.676500e+04  9.242360e-01
1.681500e+04  9.288110e-01
1.686500e+04  9.327270e-01
1.691500e+04  9.372460e-01
1.696500e+04  9.417270e-01
1.701500e+04  9.411060e-01
1.706500e+04  9.345340e-01
1.711500e+04  9.317670e-01
1.716500e+04  9.215430e-01
1.721500e+04  9.044470e-01
1.726500e+04  8.933950e-01
1.731500e+04  8.812130e-01
1.736500e+04  8.779940e-01
1.741500e+04  8.711780e-01
1.746500e+04  8.524060e-01
1.751500e+04  8.536680e-01
1.756500e+04  8.265180e-01
1.761500e+04  8.014950e-01
1.766500e+04  7.373290e-01
1.771500e+04  7.037580e-01
1.776500e+04  6.151340e-01
1.781500e+04  5.504030e-01
1.786500e+04  4.512920e-01
1.791500e+04  3.762240e-01
1.796500e+04  3.089320e-01
1.801500e+04  2.066760e-01
1.806500e+04  1.729740e-01
1.811500e+04  1.153600e-01
1.816500e+04  9.011140e-02
1.821500e+04  5.339660e-02
1.826500e+04  4.552640e-02
1.831500e+04  2.681130e-02
1.836500e+04  1.031780e-02
1.841500e+04  8.472660e-03
1.846500e+04  9.809460e-03
1.851500e+04  8.114930e-03
1.856500e+04  6.156800e-03
1.861500e+04  5.497820e-03
1.866500e+04  4.386960e-03
1.871500e+04  1.016720e-03
1.876500e+04  2.184060e-03
1.881500e+04  3.633830e-03
1.886500e+04  3.219610e-03
1.891500e+04  1.769840e-03
1.896500e+04  2.315860e-03
1.901500e+04  9.225790e-04
1.906500e+04  1.167340e-03
1.911500e+04  1.073200e-03
1.916500e+04  1.054380e-03
1.921500e+04  0.000000e+00
1.926500e+04  0.000000e+00
