5.450000e+03  0.000000e+00
5.475000e+03  0.000000e+00
5.500000e+03  2.003190e-04
5.525000e+03  1.830940e-04
5.550000e+03  1.632630e-04
5.575000e+03  1.626680e-04
5.600000e+03  1.621450e-04
5.625000e+03  1.698310e-04
5.650000e+03  1.878070e-04
5.675000e+03  1.965230e-04
5.700000e+03  1.999450e-04
5.725000e+03  1.952030e-04
5.750000e+03  1.722060e-04
5.775000e+03  1.583220e-04
5.800000e+03  1.578040e-04
5.825000e+03  1.574380e-04
5.850000e+03  1.570960e-04
5.875000e+03  1.567530e-04
5.900000e+03  1.564090e-04
5.925000e+03  1.560650e-04
5.950000e+03  1.557290e-04
5.975000e+03  1.554090e-04
6.000000e+03  1.551190e-04
6.025000e+03  1.549420e-04
6.050000e+03  1.547830e-04
6.075000e+03  1.546230e-04
6.100000e+03  1.544500e-04
6.125000e+03  1.542090e-04
6.150000e+03  1.541160e-04
6.175000e+03  1.721400e-04
6.200000e+03  1.894650e-04
6.225000e+03  1.983960e-04
6.250000e+03  2.213940e-04
6.275000e+03  2.448700e-04
6.300000e+03  2.652370e-04
6.325000e+03  2.971110e-04
6.350000e+03  3.295810e-04
6.375000e+03  3.794460e-04
6.400000e+03  4.357730e-04
6.425000e+03  5.109450e-04
6.450000e+03  6.188570e-04
6.475000e+03  7.550390e-04
6.500000e+03  9.194900e-04
6.525000e+03  1.142370e-03
6.550000e+03  1.417080e-03
6.575000e+03  1.792670e-03
6.600000e+03  2.298550e-03
6.625000e+03  2.965840e-03
6.650000e+03  3.868710e-03
6.675000e+03  5.122110e-03
6.700000e+03  6.888940e-03
6.725000e+03  9.356350e-03
6.750000e+03  1.281850e-02
6.775000e+03  1.778940e-02
6.800000e+03  2.493570e-02
6.825000e+03  3.511760e-02
6.850000e+03  4.923160e-02
6.875000e+03  7.005360e-02
6.900000e+03  1.034100e-01
6.925000e+03  1.533530e-01
6.950000e+03  2.242550e-01
6.975000e+03  3.196080e-01
7.000000e+03  4.332660e-01
7.025000e+03  5.601500e-01
7.050000e+03  6.908800e-01
7.075000e+03  8.115670e-01
7.100000e+03  9.100150e-01
7.125000e+03  9.787640e-01
7.150000e+03  1.000000e+00
7.175000e+03  9.750000e-01
7.200000e+03  9.803220e-01
7.225000e+03  9.895120e-01
7.250000e+03  9.832470e-01
7.275000e+03  9.751670e-01
7.300000e+03  9.694240e-01
7.325000e+03  9.780740e-01
7.350000e+03  9.822090e-01
7.375000e+03  9.755470e-01
7.400000e+03  9.691050e-01
7.425000e+03  9.626850e-01
7.450000e+03  9.561560e-01
7.475000e+03  9.491500e-01
7.500000e+03  9.413800e-01
7.525000e+03  9.327880e-01
7.550000e+03  9.229540e-01
7.575000e+03  8.824560e-01
7.600000e+03  6.475490e-01
7.625000e+03  6.339140e-01
7.650000e+03  6.878400e-01
7.675000e+03  8.398490e-01
7.700000e+03  8.729540e-01
7.725000e+03  8.694170e-01
7.750000e+03  8.665770e-01
7.775000e+03  8.647860e-01
7.800000e+03  8.639310e-01
7.825000e+03  8.627010e-01
7.850000e+03  8.606700e-01
7.875000e+03  8.574050e-01
7.900000e+03  8.518170e-01
7.925000e+03  8.421550e-01
7.950000e+03  8.296660e-01
7.975000e+03  8.159800e-01
8.000000e+03  8.019960e-01
8.025000e+03  7.879780e-01
8.050000e+03  7.746190e-01
8.075000e+03  7.627860e-01
8.100000e+03  7.502560e-01
8.125000e+03  7.249070e-01
8.150000e+03  7.041490e-01
8.175000e+03  6.925420e-01
8.200000e+03  6.777140e-01
8.225000e+03  6.592370e-01
8.250000e+03  6.366540e-01
8.275000e+03  6.087130e-01
8.300000e+03  5.777410e-01
8.325000e+03  5.550850e-01
8.350000e+03  5.350510e-01
8.375000e+03  5.162520e-01
8.400000e+03  4.985800e-01
8.425000e+03  4.805550e-01
8.450000e+03  4.572700e-01
8.475000e+03  4.231060e-01
8.500000e+03  3.737200e-01
8.525000e+03  3.097010e-01
8.550000e+03  2.390130e-01
8.575000e+03  1.731070e-01
8.600000e+03  1.163970e-01
8.625000e+03  7.424220e-02
8.650000e+03  4.728110e-02
8.675000e+03  2.991850e-02
8.700000e+03  1.987520e-02
8.725000e+03  1.159890e-02
8.750000e+03  6.990100e-03
8.775000e+03  5.187430e-03
8.800000e+03  4.186020e-03
8.825000e+03  2.676330e-03
8.850000e+03  2.018010e-03
8.875000e+03  0.000000e+00
8.900000e+03  0.000000e+00
