7.285000e+03  0.000000e+00
7.310000e+03  0.000000e+00
7.335000e+03  2.663920e-03
7.360000e+03  3.614560e-03
7.385000e+03  5.361400e-03
7.410000e+03  7.830430e-03
7.435000e+03  1.141570e-02
7.460000e+03  1.676520e-02
7.485000e+03  2.442330e-02
7.510000e+03  3.497090e-02
7.535000e+03  4.903360e-02
7.560000e+03  6.740940e-02
7.585000e+03  9.136570e-02
7.610000e+03  1.210930e-01
7.635000e+03  1.555720e-01
7.660000e+03  1.980160e-01
7.685000e+03  2.483180e-01
7.710000e+03  3.054490e-01
7.735000e+03  3.665680e-01
7.760000e+03  4.302560e-01
7.785000e+03  4.952600e-01
7.810000e+03  5.611950e-01
7.835000e+03  6.242490e-01
7.860000e+03  6.825860e-01
7.885000e+03  7.406800e-01
7.910000e+03  7.947100e-01
7.935000e+03  8.425650e-01
7.960000e+03  8.832520e-01
7.985000e+03  9.162570e-01
8.010000e+03  9.280600e-01
8.035000e+03  9.488620e-01
8.060000e+03  9.659890e-01
8.085000e+03  9.793770e-01
8.110000e+03  9.892000e-01
8.135000e+03  9.958320e-01
8.160000e+03  9.991850e-01
8.185000e+03  1.000000e+00
8.210000e+03  9.988640e-01
8.235000e+03  9.964200e-01
8.260000e+03  9.925240e-01
8.285000e+03  9.867810e-01
8.310000e+03  9.796950e-01
8.335000e+03  9.713950e-01
8.360000e+03  9.622490e-01
8.385000e+03  9.528910e-01
8.410000e+03  9.432670e-01
8.435000e+03  9.330180e-01
8.460000e+03  9.223150e-01
8.485000e+03  9.111560e-01
8.510000e+03  9.024700e-01
8.535000e+03  8.977280e-01
8.560000e+03  8.928190e-01
8.585000e+03  8.877000e-01
8.610000e+03  8.823920e-01
8.635000e+03  8.769580e-01
8.660000e+03  8.714640e-01
8.685000e+03  8.657980e-01
8.710000e+03  8.598650e-01
8.735000e+03  8.527920e-01
8.760000e+03  8.455070e-01
8.785000e+03  8.382750e-01
8.810000e+03  8.309240e-01
8.835000e+03  8.236260e-01
8.860000e+03  8.163160e-01
8.885000e+03  8.090060e-01
8.910000e+03  8.015770e-01
8.935000e+03  7.941880e-01
8.960000e+03  7.867960e-01
8.985000e+03  7.793720e-01
9.010000e+03  7.653520e-01
9.035000e+03  7.417420e-01
9.060000e+03  7.180480e-01
9.085000e+03  6.943550e-01
9.110000e+03  6.706800e-01
9.135000e+03  6.470450e-01
9.160000e+03  6.234320e-01
9.185000e+03  5.998200e-01
9.210000e+03  5.762050e-01
9.235000e+03  5.525990e-01
9.260000e+03  5.290280e-01
9.285000e+03  5.054820e-01
9.310000e+03  4.819400e-01
9.335000e+03  4.584010e-01
9.360000e+03  4.348910e-01
9.385000e+03  4.114120e-01
9.410000e+03  3.879510e-01
9.435000e+03  3.644960e-01
9.460000e+03  3.410420e-01
9.485000e+03  3.176010e-01
9.510000e+03  2.995240e-01
9.535000e+03  2.892080e-01
9.560000e+03  2.789580e-01
9.585000e+03  2.687080e-01
9.610000e+03  2.584520e-01
9.635000e+03  2.482550e-01
9.660000e+03  2.380720e-01
9.685000e+03  2.278930e-01
9.710000e+03  2.177170e-01
9.735000e+03  2.075450e-01
9.760000e+03  1.973880e-01
9.785000e+03  1.872350e-01
9.810000e+03  1.772080e-01
9.835000e+03  1.672670e-01
9.860000e+03  1.573260e-01
9.885000e+03  1.474260e-01
9.910000e+03  1.381810e-01
9.935000e+03  1.291610e-01
9.960000e+03  1.201420e-01
9.985000e+03  1.111220e-01
1.001000e+04  1.024000e-01
1.003500e+04  9.838010e-02
1.006000e+04  9.598200e-02
1.008500e+04  9.358150e-02
1.011000e+04  9.116600e-02
1.013500e+04  8.874470e-02
1.016000e+04  8.631360e-02
1.018500e+04  8.388190e-02
1.021000e+04  8.144140e-02
1.023500e+04  7.897550e-02
1.026000e+04  7.649140e-02
1.028500e+04  7.390790e-02
1.031000e+04  7.130780e-02
1.033500e+04  6.870780e-02
1.036000e+04  6.610850e-02
1.038500e+04  6.351090e-02
1.041000e+04  6.091490e-02
1.043500e+04  5.832720e-02
1.046000e+04  5.574140e-02
1.048500e+04  5.315560e-02
1.051000e+04  5.056910e-02
1.053500e+04  4.798360e-02
1.056000e+04  4.539880e-02
1.058500e+04  4.281170e-02
1.061000e+04  4.022760e-02
1.063500e+04  3.764310e-02
1.066000e+04  3.505860e-02
1.068500e+04  3.247630e-02
1.071000e+04  2.989350e-02
1.073500e+04  2.731170e-02
1.076000e+04  2.472890e-02
1.078500e+04  2.214890e-02
1.081000e+04  1.957050e-02
1.083500e+04  1.699150e-02
1.086000e+04  1.441280e-02
1.088500e+04  1.183710e-02
1.091000e+04  9.905650e-03
1.093500e+04  0.000000e+00
1.096000e+04  0.000000e+00
