6.720000e+03  0.000000e+00
6.745000e+03  0.000000e+00
6.770000e+03  1.390400e-02
6.795000e+03  3.060470e-02
6.820000e+03  6.956580e-02
6.845000e+03  1.308860e-01
6.870000e+03  2.112690e-01
6.895000e+03  3.107180e-01
6.920000e+03  4.225940e-01
6.945000e+03  5.328000e-01
6.970000e+03  6.350890e-01
6.995000e+03  7.186250e-01
7.020000e+03  7.810980e-01
7.045000e+03  8.267250e-01
7.070000e+03  8.610270e-01
7.095000e+03  8.835850e-01
7.120000e+03  8.995150e-01
7.145000e+03  9.040540e-01
7.170000e+03  8.792970e-01
7.195000e+03  8.837870e-01
7.220000e+03  9.114960e-01
7.245000e+03  9.263290e-01
7.270000e+03  9.363040e-01
7.295000e+03  9.444540e-01
7.320000e+03  9.637790e-01
7.345000e+03  9.805890e-01
7.370000e+03  9.794040e-01
7.395000e+03  9.747760e-01
7.420000e+03  9.745480e-01
7.445000e+03  9.719410e-01
7.470000e+03  9.725850e-01
7.495000e+03  9.770440e-01
7.520000e+03  9.822760e-01
7.545000e+03  9.847670e-01
7.570000e+03  9.809780e-01
7.595000e+03  7.694940e-01
7.620000e+03  6.531560e-01
7.645000e+03  7.298930e-01
7.670000e+03  9.052970e-01
7.695000e+03  9.780720e-01
7.720000e+03  9.726590e-01
7.745000e+03  9.738200e-01
7.770000e+03  9.811620e-01
7.795000e+03  9.801190e-01
7.820000e+03  9.839620e-01
7.845000e+03  9.939110e-01
7.870000e+03  1.000000e+00
7.895000e+03  9.955300e-01
7.920000e+03  9.912270e-01
7.945000e+03  9.867640e-01
7.970000e+03  9.831620e-01
7.995000e+03  9.793700e-01
8.020000e+03  9.701870e-01
8.045000e+03  9.584140e-01
8.070000e+03  9.473190e-01
8.095000e+03  9.357080e-01
8.120000e+03  9.104880e-01
8.145000e+03  8.846410e-01
8.170000e+03  8.735110e-01
8.195000e+03  8.605550e-01
8.220000e+03  8.461010e-01
8.245000e+03  8.303860e-01
8.270000e+03  8.142030e-01
8.295000e+03  7.976430e-01
8.320000e+03  7.878700e-01
8.345000e+03  7.728510e-01
8.370000e+03  7.305150e-01
8.395000e+03  6.605700e-01
8.420000e+03  5.645010e-01
8.445000e+03  4.494110e-01
8.470000e+03  3.297200e-01
8.495000e+03  2.225040e-01
8.520000e+03  1.389120e-01
8.545000e+03  8.143320e-02
8.570000e+03  4.590430e-02
8.595000e+03  2.582380e-02
8.620000e+03  1.512440e-02
8.645000e+03  9.682310e-03
8.670000e+03  6.980780e-03
8.695000e+03  5.481110e-03
8.720000e+03  4.585800e-03
8.745000e+03  4.024220e-03
8.770000e+03  3.755670e-03
8.795000e+03  3.594090e-03
8.820000e+03  3.464580e-03
8.845000e+03  3.213710e-03
8.870000e+03  3.014270e-03
8.895000e+03  2.929400e-03
8.920000e+03  2.752050e-03
8.945000e+03  2.569330e-03
8.970000e+03  2.301920e-03
8.995000e+03  2.067300e-03
9.020000e+03  0.000000e+00
9.045000e+03  0.000000e+00
