6.675000e+03  0.000000e+00
6.700000e+03  0.000000e+00
6.725000e+03  1.505010e-02
6.750000e+03  3.083740e-02
6.775000e+03  6.680530e-02
6.800000e+03  1.245840e-01
6.825000e+03  2.041870e-01
6.850000e+03  3.004710e-01
6.875000e+03  4.045620e-01
6.900000e+03  5.071490e-01
6.925000e+03  6.008200e-01
6.950000e+03  6.809930e-01
6.975000e+03  7.455810e-01
7.000000e+03  7.951070e-01
7.025000e+03  8.314900e-01
7.050000e+03  8.575800e-01
7.075000e+03  8.766420e-01
7.100000e+03  8.918190e-01
7.125000e+03  9.052140e-01
7.150000e+03  9.180330e-01
7.175000e+03  9.304600e-01
7.200000e+03  9.417920e-01
7.225000e+03  9.511400e-01
7.250000e+03  9.579510e-01
7.275000e+03  9.628120e-01
7.300000e+03  9.649310e-01
7.325000e+03  9.645030e-01
7.350000e+03  9.631230e-01
7.375000e+03  9.613340e-01
7.400000e+03  9.613480e-01
7.425000e+03  9.629810e-01
7.450000e+03  9.666420e-01
7.475000e+03  9.711990e-01
7.500000e+03  9.758550e-01
7.525000e+03  9.798990e-01
7.550000e+03  9.825050e-01
7.575000e+03  9.822010e-01
7.600000e+03  9.789990e-01
7.625000e+03  9.751520e-01
7.650000e+03  9.713200e-01
7.675000e+03  9.700640e-01
7.700000e+03  9.717530e-01
7.725000e+03  9.740990e-01
7.750000e+03  9.786020e-01
7.775000e+03  9.844330e-01
7.800000e+03  9.909380e-01
7.825000e+03  9.968760e-01
7.850000e+03  1.000000e+00
7.875000e+03  9.989250e-01
7.900000e+03  9.963020e-01
7.925000e+03  9.926280e-01
7.950000e+03  9.892800e-01
7.975000e+03  9.865730e-01
8.000000e+03  9.830630e-01
8.025000e+03  9.732990e-01
8.050000e+03  9.619850e-01
8.075000e+03  9.513720e-01
8.100000e+03  9.426670e-01
8.125000e+03  9.368100e-01
8.150000e+03  9.307760e-01
8.175000e+03  9.231230e-01
8.200000e+03  9.115650e-01
8.225000e+03  8.976700e-01
8.250000e+03  8.815910e-01
8.275000e+03  8.635840e-01
8.300000e+03  8.429840e-01
8.325000e+03  8.177620e-01
8.350000e+03  7.832150e-01
8.375000e+03  7.312590e-01
8.400000e+03  6.544190e-01
8.425000e+03  5.513530e-01
8.450000e+03  4.314330e-01
8.475000e+03  3.108490e-01
8.500000e+03  2.061390e-01
8.525000e+03  1.267130e-01
8.550000e+03  7.353040e-02
8.575000e+03  4.120680e-02
8.600000e+03  2.323840e-02
8.625000e+03  1.376750e-02
8.650000e+03  9.011660e-03
8.675000e+03  6.620520e-03
8.700000e+03  5.262510e-03
8.725000e+03  4.436110e-03
8.750000e+03  3.942280e-03
8.775000e+03  3.705860e-03
8.800000e+03  3.556290e-03
8.825000e+03  3.412070e-03
8.850000e+03  3.146980e-03
8.875000e+03  2.977910e-03
8.900000e+03  2.890350e-03
8.925000e+03  2.789930e-03
8.950000e+03  2.677190e-03
8.975000e+03  2.449260e-03
9.000000e+03  2.221150e-03
9.025000e+03  0.000000e+00
9.050000e+03  0.000000e+00
