4.065000e+03  0.000000e+00
4.075000e+03  0.000000e+00
4.085000e+03  2.108610e-03
4.095000e+03  3.643570e-03
4.105000e+03  8.249820e-03
4.115000e+03  2.198280e-02
4.125000e+03  6.268650e-02
4.135000e+03  1.542220e-01
4.145000e+03  3.078240e-01
4.155000e+03  5.066030e-01
4.165000e+03  6.992100e-01
4.175000e+03  8.389320e-01
4.185000e+03  9.149220e-01
4.195000e+03  9.347610e-01
4.205000e+03  9.254540e-01
4.215000e+03  9.200160e-01
4.225000e+03  9.243320e-01
4.235000e+03  9.391980e-01
4.245000e+03  9.550300e-01
4.255000e+03  9.687940e-01
4.265000e+03  9.768430e-01
4.275000e+03  9.798170e-01
4.285000e+03  9.816770e-01
4.295000e+03  9.853780e-01
4.305000e+03  9.877340e-01
4.315000e+03  1.000000e+00
4.325000e+03  9.850890e-01
4.335000e+03  9.282000e-01
4.345000e+03  8.251560e-01
4.355000e+03  6.729600e-01
4.365000e+03  4.866120e-01
4.375000e+03  3.006950e-01
4.385000e+03  1.531930e-01
4.395000e+03  6.463360e-02
4.405000e+03  2.464740e-02
4.415000e+03  9.779720e-03
4.425000e+03  5.148810e-03
4.435000e+03  0.000000e+00
4.445000e+03  0.000000e+00
