4.240000e+03  0.000000e+00
4.250000e+03  0.000000e+00
4.260000e+03  9.343750e-04
4.270000e+03  1.364010e-03
4.280000e+03  2.944870e-03
4.290000e+03  6.467990e-03
4.300000e+03  1.838010e-02
4.310000e+03  5.500170e-02
4.320000e+03  1.462710e-01
4.330000e+03  3.135430e-01
4.340000e+03  5.274600e-01
4.350000e+03  7.217960e-01
4.360000e+03  8.353890e-01
4.370000e+03  8.734460e-01
4.380000e+03  8.865400e-01
4.390000e+03  8.831000e-01
4.400000e+03  8.708160e-01
4.410000e+03  8.541100e-01
4.420000e+03  8.412760e-01
4.430000e+03  8.364530e-01
4.440000e+03  8.479560e-01
4.450000e+03  8.724430e-01
4.460000e+03  9.076690e-01
4.470000e+03  9.463180e-01
4.480000e+03  9.816730e-01
4.490000e+03  1.000000e+00
4.500000e+03  9.995150e-01
4.510000e+03  9.607530e-01
4.520000e+03  8.782450e-01
4.530000e+03  7.411380e-01
4.540000e+03  5.579730e-01
4.550000e+03  3.602390e-01
4.560000e+03  1.979000e-01
4.570000e+03  9.372130e-02
4.580000e+03  4.138110e-02
4.590000e+03  1.870240e-02
4.600000e+03  9.177010e-03
4.610000e+03  4.716060e-03
4.620000e+03  2.759720e-03
4.630000e+03  1.778550e-03
4.640000e+03  0.000000e+00
4.650000e+03  0.000000e+00
