4.430000e+03  0.000000e+00
4.445000e+03  0.000000e+00
4.460000e+03  2.570140e-03
4.475000e+03  8.492810e-03
4.490000e+03  3.829400e-02
4.505000e+03  1.538240e-01
4.520000e+03  4.148750e-01
4.535000e+03  7.186190e-01
4.550000e+03  8.946680e-01
4.565000e+03  9.488770e-01
4.580000e+03  9.754630e-01
4.595000e+03  9.979010e-01
4.610000e+03  9.998160e-01
4.625000e+03  1.000000e+00
4.640000e+03  9.960010e-01
4.655000e+03  9.971300e-01
4.670000e+03  9.796200e-01
4.685000e+03  9.537800e-01
4.700000e+03  9.087230e-01
4.715000e+03  8.197150e-01
4.730000e+03  6.653000e-01
4.745000e+03  4.574270e-01
4.760000e+03  2.506400e-01
4.775000e+03  1.062240e-01
4.790000e+03  3.777860e-02
4.805000e+03  1.633300e-02
4.820000e+03  0.000000e+00
4.835000e+03  0.000000e+00
