4.605000e+03  0.000000e+00
4.620000e+03  0.000000e+00
4.635000e+03  1.666580e-03
4.650000e+03  3.411140e-03
4.665000e+03  8.298900e-03
4.680000e+03  2.261200e-02
4.695000e+03  6.748160e-02
4.710000e+03  1.835900e-01
4.725000e+03  3.958870e-01
4.740000e+03  6.420870e-01
4.755000e+03  8.188150e-01
4.770000e+03  8.990630e-01
4.785000e+03  9.193790e-01
4.800000e+03  9.398210e-01
4.815000e+03  9.479440e-01
4.830000e+03  9.547300e-01
4.845000e+03  9.649190e-01
4.860000e+03  9.821560e-01
4.875000e+03  9.954500e-01
4.890000e+03  9.961510e-01
4.905000e+03  1.000000e+00
4.920000e+03  9.905550e-01
4.935000e+03  9.072530e-01
4.950000e+03  7.102950e-01
4.965000e+03  4.400640e-01
4.980000e+03  2.024380e-01
4.995000e+03  7.388830e-02
5.010000e+03  2.695430e-02
5.025000e+03  1.132070e-02
5.040000e+03  6.112330e-03
5.055000e+03  0.000000e+00
5.070000e+03  0.000000e+00
