4.800000e+03  0.000000e+00
4.815000e+03  0.000000e+00
4.830000e+03  1.327200e-03
4.845000e+03  2.571970e-03
4.860000e+03  5.399400e-03
4.875000e+03  1.215660e-02
4.890000e+03  2.767490e-02
4.905000e+03  6.910150e-02
4.920000e+03  1.713930e-01
4.935000e+03  3.635450e-01
4.950000e+03  6.006250e-01
4.965000e+03  7.918230e-01
4.980000e+03  8.680840e-01
4.995000e+03  8.930140e-01
5.010000e+03  9.255890e-01
5.025000e+03  9.494680e-01
5.040000e+03  9.697860e-01
5.055000e+03  9.767030e-01
5.070000e+03  9.806310e-01
5.085000e+03  9.912490e-01
5.100000e+03  1.000000e+00
5.115000e+03  9.984750e-01
5.130000e+03  9.682880e-01
5.145000e+03  8.904430e-01
5.160000e+03  7.342900e-01
5.175000e+03  5.199590e-01
5.190000e+03  3.010240e-01
5.205000e+03  1.391270e-01
5.220000e+03  5.608550e-02
5.235000e+03  2.297240e-02
5.250000e+03  1.053440e-02
5.265000e+03  6.191280e-03
5.280000e+03  0.000000e+00
5.295000e+03  0.000000e+00
