4.995000e+03  0.000000e+00
5.010000e+03  0.000000e+00
5.025000e+03  2.456500e-03
5.040000e+03  5.122600e-03
5.055000e+03  1.208360e-02
5.070000e+03  2.666370e-02
5.085000e+03  5.609420e-02
5.100000e+03  1.145010e-01
5.115000e+03  2.206540e-01
5.130000e+03  3.909900e-01
5.145000e+03  6.071070e-01
5.160000e+03  8.093750e-01
5.175000e+03  9.309590e-01
5.190000e+03  9.694430e-01
5.205000e+03  9.775840e-01
5.220000e+03  9.858220e-01
5.235000e+03  9.970980e-01
5.250000e+03  1.000000e+00
5.265000e+03  9.885340e-01
5.280000e+03  9.812860e-01
5.295000e+03  9.734300e-01
5.310000e+03  9.834850e-01
5.325000e+03  9.822800e-01
5.340000e+03  9.323380e-01
5.355000e+03  8.224570e-01
5.370000e+03  6.441840e-01
5.385000e+03  4.425390e-01
5.400000e+03  2.731500e-01
5.415000e+03  1.579000e-01
5.430000e+03  8.638030e-02
5.445000e+03  4.392110e-02
5.460000e+03  2.147500e-02
5.475000e+03  1.192370e-02
5.490000e+03  0.000000e+00
5.505000e+03  0.000000e+00
