5.200000e+03  0.000000e+00
5.215000e+03  0.000000e+00
5.230000e+03  1.776420e-03
5.245000e+03  2.915580e-03
5.260000e+03  5.550380e-03
5.275000e+03  1.069980e-02
5.290000e+03  2.161680e-02
5.305000e+03  4.726510e-02
5.320000e+03  1.016360e-01
5.335000e+03  2.068890e-01
5.350000e+03  3.779580e-01
5.365000e+03  5.919810e-01
5.380000e+03  7.898700e-01
5.395000e+03  9.148700e-01
5.410000e+03  9.751660e-01
5.425000e+03  9.942840e-01
5.440000e+03  1.000000e+00
5.455000e+03  9.975250e-01
5.470000e+03  9.908660e-01
5.485000e+03  9.830880e-01
5.500000e+03  9.753300e-01
5.515000e+03  9.702880e-01
5.530000e+03  9.698110e-01
5.545000e+03  9.706280e-01
5.560000e+03  9.739890e-01
5.575000e+03  9.691950e-01
5.590000e+03  9.332330e-01
5.605000e+03  8.319120e-01
5.620000e+03  6.616420e-01
5.635000e+03  4.620450e-01
5.650000e+03  2.819820e-01
5.665000e+03  1.534080e-01
5.680000e+03  7.916300e-02
5.695000e+03  4.068050e-02
5.710000e+03  2.148510e-02
5.725000e+03  1.176750e-02
5.740000e+03  6.541450e-03
5.755000e+03  4.208200e-03
5.770000e+03  0.000000e+00
5.785000e+03  0.000000e+00
