5.440000e+03  0.000000e+00
5.455000e+03  0.000000e+00
5.470000e+03  4.524760e-04
5.485000e+03  7.055200e-04
5.500000e+03  2.248210e-03
5.515000e+03  1.375320e-03
5.530000e+03  3.457180e-03
5.545000e+03  1.005090e-02
5.560000e+03  2.382300e-02
5.575000e+03  5.055180e-02
5.590000e+03  1.100020e-01
5.605000e+03  2.328270e-01
5.620000e+03  4.281560e-01
5.635000e+03  6.647960e-01
5.650000e+03  8.440080e-01
5.665000e+03  9.248560e-01
5.680000e+03  9.350290e-01
5.695000e+03  9.299370e-01
5.710000e+03  9.312820e-01
5.725000e+03  9.493280e-01
5.740000e+03  9.463230e-01
5.755000e+03  9.324580e-01
5.770000e+03  9.245910e-01
5.785000e+03  9.290270e-01
5.800000e+03  9.475630e-01
5.815000e+03  9.644310e-01
5.830000e+03  9.878830e-01
5.845000e+03  1.000000e+00
5.860000e+03  9.514750e-01
5.875000e+03  8.324550e-01
5.890000e+03  6.374380e-01
5.905000e+03  4.079550e-01
5.920000e+03  2.307510e-01
5.935000e+03  1.271790e-01
5.950000e+03  6.849400e-02
5.965000e+03  3.634610e-02
5.980000e+03  1.839900e-02
5.995000e+03  1.138570e-02
6.010000e+03  6.189580e-03
6.025000e+03  4.839600e-03
6.040000e+03  0.000000e+00
6.055000e+03  0.000000e+00
