5.605000e+03  0.000000e+00
5.625000e+03  0.000000e+00
5.645000e+03  8.838060e-04
5.665000e+03  8.507860e-04
5.685000e+03  9.534440e-04
5.705000e+03  1.554070e-03
5.725000e+03  2.949210e-03
5.745000e+03  6.590800e-03
5.765000e+03  1.493720e-02
5.785000e+03  3.306740e-02
5.805000e+03  7.024340e-02
5.825000e+03  1.515720e-01
5.845000e+03  3.215920e-01
5.865000e+03  5.748370e-01
5.885000e+03  8.133270e-01
5.905000e+03  9.485820e-01
5.925000e+03  9.821650e-01
5.945000e+03  9.971370e-01
5.965000e+03  9.955320e-01
5.985000e+03  1.000000e+00
6.005000e+03  9.976100e-01
6.025000e+03  9.845080e-01
6.045000e+03  9.751640e-01
6.065000e+03  9.740170e-01
6.085000e+03  9.702070e-01
6.105000e+03  9.744020e-01
6.125000e+03  8.939060e-01
6.145000e+03  6.918490e-01
6.165000e+03  3.980210e-01
6.185000e+03  1.741300e-01
6.205000e+03  7.224640e-02
6.225000e+03  3.294170e-02
6.245000e+03  1.657880e-02
6.265000e+03  8.784900e-03
6.285000e+03  4.045930e-03
6.305000e+03  1.894960e-03
6.325000e+03  1.390410e-03
6.345000e+03  0.000000e+00
6.365000e+03  0.000000e+00
