5.900000e+03  0.000000e+00
5.920000e+03  0.000000e+00
5.940000e+03  2.097170e-03
5.960000e+03  4.215070e-03
5.980000e+03  9.424960e-03
6.000000e+03  1.963930e-02
6.020000e+03  4.266140e-02
6.040000e+03  1.001540e-01
6.060000e+03  2.401400e-01
6.080000e+03  4.900830e-01
6.100000e+03  7.670050e-01
6.120000e+03  9.372820e-01
6.140000e+03  9.780030e-01
6.160000e+03  9.569060e-01
6.180000e+03  9.371890e-01
6.200000e+03  9.620280e-01
6.220000e+03  1.000000e+00
6.240000e+03  9.859610e-01
6.260000e+03  9.483700e-01
6.280000e+03  9.115980e-01
6.300000e+03  9.235530e-01
6.320000e+03  9.421340e-01
6.340000e+03  9.032950e-01
6.360000e+03  7.647770e-01
6.380000e+03  5.231880e-01
6.400000e+03  2.834980e-01
6.420000e+03  1.366960e-01
6.440000e+03  6.865670e-02
6.460000e+03  3.642090e-02
6.480000e+03  2.062750e-02
6.500000e+03  1.071610e-02
6.520000e+03  0.000000e+00
6.540000e+03  0.000000e+00
