6.160000e+03  0.000000e+00
6.180000e+03  0.000000e+00
6.200000e+03  2.206470e-03
6.220000e+03  4.430870e-03
6.240000e+03  9.369710e-03
6.260000e+03  2.247720e-02
6.280000e+03  5.514340e-02
6.300000e+03  1.378110e-01
6.320000e+03  3.162650e-01
6.340000e+03  5.691480e-01
6.360000e+03  7.988870e-01
6.380000e+03  9.071970e-01
6.400000e+03  9.099980e-01
6.420000e+03  8.998120e-01
6.440000e+03  9.001530e-01
6.460000e+03  9.422850e-01
6.480000e+03  9.652190e-01
6.500000e+03  9.780880e-01
6.520000e+03  1.000000e+00
6.540000e+03  9.819210e-01
6.560000e+03  9.749920e-01
6.580000e+03  9.841610e-01
6.600000e+03  9.546800e-01
6.620000e+03  8.710630e-01
6.640000e+03  7.019200e-01
6.660000e+03  4.846440e-01
6.680000e+03  2.687920e-01
6.700000e+03  1.338740e-01
6.720000e+03  6.500100e-02
6.740000e+03  3.275580e-02
6.760000e+03  1.592930e-02
6.780000e+03  9.030090e-03
6.800000e+03  6.395630e-03
6.820000e+03  0.000000e+00
6.840000e+03  0.000000e+00
