6.430000e+03  0.000000e+00
6.450000e+03  0.000000e+00
6.470000e+03  1.746120e-03
6.490000e+03  4.645840e-03
6.510000e+03  9.347530e-03
6.530000e+03  1.957800e-02
6.550000e+03  4.525340e-02
6.570000e+03  1.073700e-01
6.590000e+03  2.435820e-01
6.610000e+03  4.716980e-01
6.630000e+03  7.240840e-01
6.650000e+03  8.907900e-01
6.670000e+03  9.650990e-01
6.690000e+03  9.485260e-01
6.710000e+03  9.273790e-01
6.730000e+03  9.312220e-01
6.750000e+03  9.746090e-01
6.770000e+03  9.948990e-01
6.790000e+03  1.000000e+00
6.810000e+03  9.696400e-01
6.830000e+03  9.516000e-01
6.850000e+03  9.769860e-01
6.870000e+03  9.645030e-01
6.890000e+03  9.446750e-01
6.910000e+03  8.836130e-01
6.930000e+03  7.284070e-01
6.950000e+03  4.959890e-01
6.970000e+03  2.837780e-01
6.990000e+03  1.461240e-01
7.010000e+03  7.090170e-02
7.030000e+03  3.357460e-02
7.050000e+03  1.870110e-02
7.070000e+03  9.679640e-03
7.090000e+03  4.908610e-03
7.110000e+03  4.197470e-03
7.130000e+03  1.891750e-03
7.150000e+03  1.200420e-03
7.170000e+03  0.000000e+00
7.190000e+03  0.000000e+00
