6.760000e+03  0.000000e+00
6.780000e+03  0.000000e+00
6.800000e+03  2.872120e-03
6.820000e+03  6.560260e-03
6.840000e+03  2.049680e-02
6.860000e+03  6.505940e-02
6.880000e+03  1.735350e-01
6.900000e+03  3.650670e-01
6.920000e+03  5.989760e-01
6.940000e+03  7.891630e-01
6.960000e+03  8.912390e-01
6.980000e+03  9.264270e-01
7.000000e+03  9.452480e-01
7.020000e+03  9.716820e-01
7.040000e+03  9.851160e-01
7.060000e+03  9.870230e-01
7.080000e+03  9.835290e-01
7.100000e+03  9.859010e-01
7.120000e+03  9.915800e-01
7.140000e+03  1.000000e+00
7.160000e+03  9.777830e-01
7.180000e+03  9.152960e-01
7.200000e+03  7.973460e-01
7.220000e+03  6.181890e-01
7.240000e+03  4.205900e-01
7.260000e+03  2.444830e-01
7.280000e+03  1.214410e-01
7.300000e+03  5.397310e-02
7.320000e+03  2.302460e-02
7.340000e+03  1.034820e-02
7.360000e+03  5.573860e-03
7.380000e+03  0.000000e+00
7.400000e+03  0.000000e+00
