7.040000e+03  0.000000e+00
7.060000e+03  0.000000e+00
7.080000e+03  2.168950e-03
7.100000e+03  4.570610e-03
7.120000e+03  1.259490e-02
7.140000e+03  3.763380e-02
7.160000e+03  1.107730e-01
7.180000e+03  2.775590e-01
7.200000e+03  5.284280e-01
7.220000e+03  7.784780e-01
7.240000e+03  9.196860e-01
7.260000e+03  9.710840e-01
7.280000e+03  9.860440e-01
7.300000e+03  9.651020e-01
7.320000e+03  9.728690e-01
7.340000e+03  9.793720e-01
7.360000e+03  9.986150e-01
7.380000e+03  1.000000e+00
7.400000e+03  9.783000e-01
7.420000e+03  9.524620e-01
7.440000e+03  9.230930e-01
7.460000e+03  9.018380e-01
7.480000e+03  8.305770e-01
7.500000e+03  7.118660e-01
7.520000e+03  5.415030e-01
7.540000e+03  3.261750e-01
7.560000e+03  1.603240e-01
7.580000e+03  6.694640e-02
7.600000e+03  2.624100e-02
7.620000e+03  1.312720e-02
7.640000e+03  0.000000e+00
7.660000e+03  0.000000e+00
