7.315000e+03  0.000000e+00
7.340000e+03  0.000000e+00
7.365000e+03  1.391690e-03
7.390000e+03  4.045040e-03
7.415000e+03  1.259910e-02
7.440000e+03  5.441080e-02
7.465000e+03  1.820770e-01
7.490000e+03  4.248760e-01
7.515000e+03  6.848360e-01
7.540000e+03  8.476490e-01
7.565000e+03  9.228780e-01
7.590000e+03  9.434740e-01
7.615000e+03  9.499980e-01
7.640000e+03  9.581080e-01
7.665000e+03  9.775450e-01
7.690000e+03  9.949170e-01
7.715000e+03  9.901020e-01
7.740000e+03  9.892940e-01
7.765000e+03  1.000000e+00
7.790000e+03  9.960160e-01
7.815000e+03  9.420060e-01
7.840000e+03  7.688120e-01
7.865000e+03  4.651310e-01
7.890000e+03  1.886890e-01
7.915000e+03  5.308100e-02
7.940000e+03  2.070030e-02
7.965000e+03  0.000000e+00
7.990000e+03  0.000000e+00
