7.590000e+03  0.000000e+00
7.615000e+03  0.000000e+00
7.640000e+03  2.879830e-03
7.665000e+03  5.904990e-03
7.690000e+03  1.584060e-02
7.715000e+03  4.334600e-02
7.740000e+03  1.187080e-01
7.765000e+03  2.736930e-01
7.790000e+03  4.982870e-01
7.815000e+03  7.450210e-01
7.840000e+03  9.205700e-01
7.865000e+03  9.836760e-01
7.890000e+03  1.000000e+00
7.915000e+03  9.926010e-01
7.940000e+03  9.713000e-01
7.965000e+03  9.613720e-01
7.990000e+03  9.630040e-01
8.015000e+03  9.638890e-01
8.040000e+03  9.672960e-01
8.065000e+03  9.484130e-01
8.090000e+03  8.796640e-01
8.115000e+03  7.498700e-01
8.140000e+03  5.375850e-01
8.165000e+03  3.225470e-01
8.190000e+03  1.587950e-01
8.215000e+03  6.846400e-02
8.240000e+03  2.923290e-02
8.265000e+03  1.303450e-02
8.290000e+03  2.710420e-03
8.315000e+03  2.766830e-03
8.340000e+03  0.000000e+00
8.365000e+03  0.000000e+00
