7.925000e+03  0.000000e+00
7.950000e+03  0.000000e+00
7.975000e+03  4.349360e-03
8.000000e+03  1.235610e-02
8.025000e+03  5.925650e-02
8.050000e+03  2.101500e-01
8.075000e+03  4.850650e-01
8.100000e+03  7.673710e-01
8.125000e+03  9.208860e-01
8.150000e+03  9.706710e-01
8.175000e+03  9.963140e-01
8.200000e+03  9.973680e-01
8.225000e+03  9.875190e-01
8.250000e+03  9.860330e-01
8.275000e+03  9.933840e-01
8.300000e+03  1.000000e+00
8.325000e+03  9.959010e-01
8.350000e+03  9.733760e-01
8.375000e+03  8.843720e-01
8.400000e+03  6.867530e-01
8.425000e+03  4.151560e-01
8.450000e+03  1.786920e-01
8.475000e+03  7.345440e-02
8.500000e+03  0.000000e+00
8.525000e+03  0.000000e+00
