7.860000e+03  0.000000e+00
7.885000e+03  0.000000e+00
7.910000e+03  4.940070e-03
7.935000e+03  5.258580e-03
7.960000e+03  6.647170e-03
7.985000e+03  7.071970e-03
8.010000e+03  6.389860e-03
8.035000e+03  7.897160e-03
8.060000e+03  7.380800e-03
8.085000e+03  6.580190e-03
8.110000e+03  5.984080e-03
8.135000e+03  6.300740e-03
8.160000e+03  7.639220e-03
8.185000e+03  6.695300e-03
8.210000e+03  5.644990e-03
8.235000e+03  5.660540e-03
8.260000e+03  7.732440e-03
8.285000e+03  7.481170e-03
8.310000e+03  1.317050e-02
8.335000e+03  3.386420e-02
8.360000e+03  1.139220e-01
8.385000e+03  3.131370e-01
8.410000e+03  5.543290e-01
8.435000e+03  7.732440e-01
8.460000e+03  9.449040e-01
8.485000e+03  1.000000e+00
8.510000e+03  9.969590e-01
8.535000e+03  9.952840e-01
8.560000e+03  9.963080e-01
8.585000e+03  9.986400e-01
8.610000e+03  9.992880e-01
8.635000e+03  9.965310e-01
8.660000e+03  9.632910e-01
8.685000e+03  8.517420e-01
8.710000e+03  6.651630e-01
8.735000e+03  4.654930e-01
8.760000e+03  2.484630e-01
8.785000e+03  8.751330e-02
8.810000e+03  2.845930e-02
8.835000e+03  1.199490e-02
8.860000e+03  6.889030e-03
8.885000e+03  5.187630e-03
8.910000e+03  4.602780e-03
8.935000e+03  3.799490e-03
8.960000e+03  3.126600e-03
8.985000e+03  2.872480e-03
9.010000e+03  2.787190e-03
9.035000e+03  2.343330e-03
9.060000e+03  2.304240e-03
9.085000e+03  1.871300e-03
9.110000e+03  1.687930e-03
9.135000e+03  1.597670e-03
9.160000e+03  1.420350e-03
9.185000e+03  1.112570e-03
9.210000e+03  1.041080e-03
9.235000e+03  9.884590e-04
9.260000e+03  0.000000e+00
9.285000e+03  0.000000e+00
