2.990000e+04  0.000000e+00
3.001500e+04  0.000000e+00
3.013000e+04  8.844460e-04
3.024500e+04  9.634190e-04
3.036000e+04  8.868620e-04
3.047500e+04  6.943000e-04
3.059000e+04  9.063670e-04
3.070500e+04  1.126310e-03
3.082000e+04  6.050250e-04
3.093500e+04  5.864980e-04
3.105000e+04  1.423260e-03
3.116500e+04  3.898010e-03
3.128000e+04  8.752960e-03
3.139500e+04  2.059960e-02
3.151000e+04  5.449160e-02
3.162500e+04  1.444640e-01
3.174000e+04  3.494500e-01
3.185500e+04  6.058320e-01
3.197000e+04  7.641030e-01
3.208500e+04  7.901150e-01
3.220000e+04  7.593740e-01
3.231500e+04  7.337310e-01
3.243000e+04  7.409670e-01
3.254500e+04  7.782150e-01
3.266000e+04  8.253670e-01
3.277500e+04  8.640170e-01
3.289000e+04  8.802020e-01
3.300500e+04  8.777010e-01
3.312000e+04  8.665440e-01
3.323500e+04  8.565450e-01
3.335000e+04  8.573160e-01
3.346500e+04  8.599780e-01
3.358000e+04  8.576440e-01
3.369500e+04  8.508870e-01
3.381000e+04  8.495690e-01
3.392500e+04  8.651070e-01
3.404000e+04  8.936200e-01
3.415500e+04  9.177570e-01
3.427000e+04  9.251950e-01
3.438500e+04  9.099020e-01
3.450000e+04  8.874280e-01
3.461500e+04  8.760550e-01
3.473000e+04  8.801750e-01
3.484500e+04  9.032120e-01
3.496000e+04  9.321120e-01
3.507500e+04  9.564110e-01
3.519000e+04  9.743400e-01
3.530500e+04  9.807060e-01
3.542000e+04  9.739760e-01
3.553500e+04  9.663880e-01
3.565000e+04  9.592790e-01
3.576500e+04  9.529530e-01
3.588000e+04  9.566180e-01
3.599500e+04  9.646550e-01
3.611000e+04  9.673600e-01
3.622500e+04  9.682860e-01
3.634000e+04  9.592250e-01
3.645500e+04  9.455130e-01
3.657000e+04  9.315840e-01
3.668500e+04  9.236660e-01
3.680000e+04  9.268080e-01
3.691500e+04  9.399480e-01
3.703000e+04  9.576400e-01
3.714500e+04  9.793290e-01
3.726000e+04  9.904380e-01
3.737500e+04  9.985620e-01
3.749000e+04  1.000000e+00
3.760500e+04  9.939500e-01
3.772000e+04  9.840470e-01
3.783500e+04  9.744720e-01
3.795000e+04  9.700340e-01
3.806500e+04  9.671190e-01
3.818000e+04  9.604790e-01
3.829500e+04  9.487420e-01
3.841000e+04  9.320200e-01
3.852500e+04  9.116310e-01
3.864000e+04  9.034640e-01
3.875500e+04  9.179220e-01
3.887000e+04  9.405090e-01
3.898500e+04  9.367260e-01
3.910000e+04  8.412060e-01
3.921500e+04  5.888350e-01
3.933000e+04  3.069250e-01
3.944500e+04  1.258070e-01
3.956000e+04  4.697520e-02
3.967500e+04  1.784600e-02
3.979000e+04  7.646600e-03
3.990500e+04  3.550150e-03
4.002000e+04  1.652190e-03
4.013500e+04  9.192790e-04
4.025000e+04  9.702050e-04
4.036500e+04  1.041590e-03
4.048000e+04  0.000000e+00
4.059500e+04  0.000000e+00
