4.863000e+04  0.000000e+00
4.882000e+04  0.000000e+00
4.901000e+04  2.355190e-03
4.920000e+04  2.793390e-03
4.939000e+04  1.995280e-02
4.958000e+04  8.649780e-02
4.977000e+04  2.091160e-01
4.996000e+04  3.422030e-01
5.015000e+04  4.629750e-01
5.034000e+04  5.439450e-01
5.053000e+04  5.539610e-01
5.072000e+04  5.568090e-01
5.091000e+04  6.169520e-01
5.110000e+04  6.881560e-01
5.129000e+04  7.186530e-01
5.148000e+04  7.166380e-01
5.167000e+04  7.066420e-01
5.186000e+04  7.023140e-01
5.205000e+04  7.188300e-01
5.224000e+04  7.588810e-01
5.243000e+04  7.928240e-01
5.262000e+04  7.913760e-01
5.281000e+04  7.596050e-01
5.300000e+04  7.272280e-01
5.319000e+04  7.371240e-01
5.338000e+04  7.857010e-01
5.357000e+04  8.278410e-01
5.376000e+04  8.430440e-01
5.395000e+04  8.487630e-01
5.414000e+04  8.475200e-01
5.433000e+04  8.409670e-01
5.452000e+04  8.363870e-01
5.471000e+04  8.342980e-01
5.490000e+04  8.342330e-01
5.509000e+04  8.317150e-01
5.528000e+04  8.315630e-01
5.547000e+04  8.512050e-01
5.566000e+04  8.839510e-01
5.585000e+04  8.988710e-01
5.604000e+04  8.923510e-01
5.623000e+04  8.843350e-01
5.642000e+04  8.891450e-01
5.661000e+04  9.059010e-01
5.680000e+04  9.244690e-01
5.699000e+04  9.263080e-01
5.718000e+04  9.199850e-01
5.737000e+04  9.324100e-01
5.756000e+04  9.572420e-01
5.775000e+04  9.588030e-01
5.794000e+04  9.392850e-01
5.813000e+04  9.387150e-01
5.832000e+04  9.548300e-01
5.851000e+04  9.658670e-01
5.870000e+04  9.730100e-01
5.889000e+04  9.806150e-01
5.908000e+04  9.808650e-01
5.927000e+04  9.725250e-01
5.946000e+04  9.690230e-01
5.965000e+04  9.828730e-01
5.984000e+04  1.000000e+00
6.003000e+04  9.979160e-01
6.022000e+04  9.816370e-01
6.041000e+04  9.740760e-01
6.060000e+04  9.813170e-01
6.079000e+04  9.889610e-01
6.098000e+04  9.817070e-01
6.117000e+04  9.641520e-01
6.136000e+04  9.442720e-01
6.155000e+04  9.389910e-01
6.174000e+04  9.443680e-01
6.193000e+04  9.603040e-01
6.212000e+04  9.675770e-01
6.231000e+04  9.465610e-01
6.250000e+04  9.051500e-01
6.269000e+04  8.808890e-01
6.288000e+04  8.956200e-01
6.307000e+04  9.303480e-01
6.326000e+04  9.478010e-01
6.345000e+04  9.452940e-01
6.364000e+04  9.219570e-01
6.383000e+04  8.442230e-01
6.402000e+04  7.089060e-01
6.421000e+04  5.687040e-01
6.440000e+04  4.290330e-01
6.459000e+04  2.612770e-01
6.478000e+04  1.116670e-01
6.497000e+04  3.374790e-02
6.516000e+04  9.565380e-03
6.535000e+04  3.397660e-03
6.554000e+04  1.432790e-03
6.573000e+04  6.887900e-04
6.592000e+04  9.671230e-04
6.611000e+04  6.090510e-04
6.630000e+04  0.000000e+00
6.649000e+04  0.000000e+00
