6.020000e+04  0.000000e+00
6.046000e+04  0.000000e+00
6.072000e+04  6.120290e-04
6.098000e+04  1.119820e-03
6.124000e+04  8.144770e-04
6.150000e+04  7.169780e-04
6.176000e+04  6.275410e-04
6.202000e+04  8.313480e-04
6.228000e+04  5.669490e-04
6.254000e+04  1.091690e-03
6.280000e+04  1.483900e-03
6.306000e+04  2.043090e-03
6.332000e+04  4.545110e-03
6.358000e+04  2.266520e-02
6.384000e+04  1.018330e-01
6.410000e+04  2.383350e-01
6.436000e+04  4.000580e-01
6.462000e+04  5.406990e-01
6.488000e+04  5.973160e-01
6.514000e+04  6.587790e-01
6.540000e+04  7.094020e-01
6.566000e+04  7.297970e-01
6.592000e+04  7.397380e-01
6.618000e+04  7.413490e-01
6.644000e+04  7.349970e-01
6.670000e+04  7.227790e-01
6.696000e+04  6.935620e-01
6.722000e+04  7.167200e-01
6.748000e+04  7.518810e-01
6.774000e+04  7.567010e-01
6.800000e+04  7.775660e-01
6.826000e+04  7.956630e-01
6.852000e+04  8.010140e-01
6.878000e+04  8.030900e-01
6.904000e+04  8.018420e-01
6.930000e+04  7.933260e-01
6.956000e+04  7.941760e-01
6.982000e+04  8.031460e-01
7.008000e+04  7.854500e-01
7.034000e+04  7.663430e-01
7.060000e+04  7.779800e-01
7.086000e+04  7.762560e-01
7.112000e+04  7.710290e-01
7.138000e+04  7.875310e-01
7.164000e+04  7.937600e-01
7.190000e+04  7.750940e-01
7.216000e+04  7.765830e-01
7.242000e+04  8.024060e-01
7.268000e+04  8.221460e-01
7.294000e+04  8.188730e-01
7.320000e+04  8.092060e-01
7.346000e+04  8.095120e-01
7.372000e+04  8.224910e-01
7.398000e+04  8.363640e-01
7.424000e+04  8.384890e-01
7.450000e+04  8.226460e-01
7.476000e+04  8.113610e-01
7.502000e+04  8.364530e-01
7.528000e+04  8.790690e-01
7.554000e+04  9.006000e-01
7.580000e+04  9.104540e-01
7.606000e+04  9.220170e-01
7.632000e+04  9.144490e-01
7.658000e+04  8.962570e-01
7.684000e+04  9.034650e-01
7.710000e+04  9.267950e-01
7.736000e+04  9.275970e-01
7.762000e+04  9.140010e-01
7.788000e+04  9.111370e-01
7.814000e+04  9.179230e-01
7.840000e+04  9.205100e-01
7.866000e+04  9.322730e-01
7.892000e+04  9.548090e-01
7.918000e+04  9.640540e-01
7.944000e+04  9.522400e-01
7.970000e+04  9.361700e-01
7.996000e+04  9.369010e-01
8.022000e+04  9.512440e-01
8.048000e+04  9.665540e-01
8.074000e+04  9.695790e-01
8.100000e+04  9.707260e-01
8.126000e+04  9.814930e-01
8.152000e+04  9.903780e-01
8.178000e+04  9.817110e-01
8.204000e+04  9.704450e-01
8.230000e+04  9.737920e-01
8.256000e+04  9.903950e-01
8.282000e+04  9.961120e-01
8.308000e+04  9.915580e-01
8.334000e+04  9.936630e-01
8.360000e+04  9.974840e-01
8.386000e+04  9.897890e-01
8.412000e+04  9.719670e-01
8.438000e+04  9.698540e-01
8.464000e+04  9.875760e-01
8.490000e+04  1.000000e+00
8.516000e+04  9.957740e-01
8.542000e+04  9.833630e-01
8.568000e+04  9.824760e-01
8.594000e+04  9.869020e-01
8.620000e+04  9.863110e-01
8.646000e+04  9.857730e-01
8.672000e+04  9.796410e-01
8.698000e+04  9.589870e-01
8.724000e+04  9.261270e-01
8.750000e+04  9.061910e-01
8.776000e+04  9.095600e-01
8.802000e+04  9.316670e-01
8.828000e+04  9.494920e-01
8.854000e+04  9.477450e-01
8.880000e+04  9.339020e-01
8.906000e+04  9.243360e-01
8.932000e+04  9.176100e-01
8.958000e+04  9.107510e-01
8.984000e+04  9.058470e-01
9.010000e+04  9.017860e-01
9.036000e+04  8.941460e-01
9.062000e+04  8.796340e-01
9.088000e+04  8.648970e-01
9.114000e+04  8.567900e-01
9.140000e+04  8.497560e-01
9.166000e+04  8.387870e-01
9.192000e+04  8.127610e-01
9.218000e+04  7.703870e-01
9.244000e+04  7.154360e-01
9.270000e+04  6.504900e-01
9.296000e+04  5.818890e-01
9.322000e+04  5.203010e-01
9.348000e+04  4.636610e-01
9.374000e+04  4.018570e-01
9.400000e+04  3.291140e-01
9.426000e+04  2.597310e-01
9.452000e+04  1.991970e-01
9.478000e+04  1.421350e-01
9.504000e+04  9.107240e-02
9.530000e+04  5.274340e-02
9.556000e+04  3.101820e-02
9.582000e+04  1.920040e-02
9.608000e+04  1.288330e-02
9.634000e+04  8.652010e-03
9.660000e+04  6.105320e-03
9.686000e+04  3.574950e-03
9.712000e+04  3.861320e-03
9.738000e+04  3.782760e-03
9.764000e+04  2.245770e-03
9.790000e+04  1.666740e-03
9.816000e+04  1.399260e-03
9.842000e+04  1.674000e-03
9.868000e+04  1.112460e-03
9.894000e+04  1.209120e-03
9.920000e+04  1.430910e-03
9.946000e+04  1.507710e-03
9.972000e+04  9.573120e-04
9.998000e+04  8.289780e-04
1.002400e+05  8.125990e-04
1.005000e+05  1.275720e-03
1.007600e+05  0.000000e+00
1.010200e+05  0.000000e+00
