3.805000e+04  0.000000e+00
3.820000e+04  0.000000e+00
3.835000e+04  2.528930e-04
3.850000e+04  2.448230e-04
3.865000e+04  6.543560e-04
3.880000e+04  1.043610e-03
3.895000e+04  2.364950e-03
3.910000e+04  5.190000e-03
3.925000e+04  1.190120e-02
3.940000e+04  2.424730e-02
3.955000e+04  4.772010e-02
3.970000e+04  9.570370e-02
3.985000e+04  2.073330e-01
4.000000e+04  4.280800e-01
4.015000e+04  6.485030e-01
4.030000e+04  7.346210e-01
4.045000e+04  7.259690e-01
4.060000e+04  6.901960e-01
4.075000e+04  6.528640e-01
4.090000e+04  6.254770e-01
4.105000e+04  6.190150e-01
4.120000e+04  6.350050e-01
4.135000e+04  6.733620e-01
4.150000e+04  7.314450e-01
4.165000e+04  7.928250e-01
4.180000e+04  8.436070e-01
4.195000e+04  8.815770e-01
4.210000e+04  9.037820e-01
4.225000e+04  9.120390e-01
4.240000e+04  9.079550e-01
4.255000e+04  8.904770e-01
4.270000e+04  8.724960e-01
4.285000e+04  8.635570e-01
4.300000e+04  8.721540e-01
4.315000e+04  8.915330e-01
4.330000e+04  9.128050e-01
4.345000e+04  9.297540e-01
4.360000e+04  9.388650e-01
4.375000e+04  9.502690e-01
4.390000e+04  9.620720e-01
4.405000e+04  9.772110e-01
4.420000e+04  9.900260e-01
4.435000e+04  9.975660e-01
4.450000e+04  1.000000e+00
4.465000e+04  9.977170e-01
4.480000e+04  9.924550e-01
4.495000e+04  9.824530e-01
4.510000e+04  9.667280e-01
4.525000e+04  9.508470e-01
4.540000e+04  9.379900e-01
4.555000e+04  9.280060e-01
4.570000e+04  9.228620e-01
4.585000e+04  9.147600e-01
4.600000e+04  9.044550e-01
4.615000e+04  8.882430e-01
4.630000e+04  8.668350e-01
4.645000e+04  8.609140e-01
4.660000e+04  8.660290e-01
4.675000e+04  8.776980e-01
4.690000e+04  8.905750e-01
4.705000e+04  9.032180e-01
4.720000e+04  9.063220e-01
4.735000e+04  9.004720e-01
4.750000e+04  8.885570e-01
4.765000e+04  8.722180e-01
4.780000e+04  8.544620e-01
4.795000e+04  8.379660e-01
4.810000e+04  8.261950e-01
4.825000e+04  8.185870e-01
4.840000e+04  8.159800e-01
4.855000e+04  8.151240e-01
4.870000e+04  8.138110e-01
4.885000e+04  8.127390e-01
4.900000e+04  8.137450e-01
4.915000e+04  8.122410e-01
4.930000e+04  7.998350e-01
4.945000e+04  7.635610e-01
4.960000e+04  7.130040e-01
4.975000e+04  6.806860e-01
4.990000e+04  6.896650e-01
5.005000e+04  6.586210e-01
5.020000e+04  4.140790e-01
5.035000e+04  1.402170e-01
5.050000e+04  4.807610e-02
5.065000e+04  0.000000e+00
5.080000e+04  0.000000e+00
