9.440000e+03  0.000000e+00
9.470000e+03  0.000000e+00
9.500000e+03  3.830920e-03
9.530000e+03  6.819450e-03
9.560000e+03  1.562410e-02
9.590000e+03  4.254580e-02
9.620000e+03  1.207160e-01
9.650000e+03  2.630230e-01
9.680000e+03  4.337580e-01
9.710000e+03  5.674590e-01
9.740000e+03  6.298200e-01
9.770000e+03  6.831620e-01
9.800000e+03  7.352170e-01
9.830000e+03  7.787950e-01
9.860000e+03  7.943540e-01
9.890000e+03  7.918580e-01
9.920000e+03  7.858120e-01
9.950000e+03  7.929660e-01
9.980000e+03  8.150190e-01
1.001000e+04  8.445140e-01
1.004000e+04  8.680730e-01
1.007000e+04  8.782960e-01
1.010000e+04  8.758750e-01
1.013000e+04  8.757870e-01
1.016000e+04  8.831840e-01
1.019000e+04  8.996080e-01
1.022000e+04  9.209250e-01
1.025000e+04  9.363420e-01
1.028000e+04  9.407580e-01
1.031000e+04  9.357070e-01
1.034000e+04  9.276990e-01
1.037000e+04  9.246890e-01
1.040000e+04  9.283010e-01
1.043000e+04  9.384040e-01
1.046000e+04  9.499280e-01
1.049000e+04  9.577680e-01
1.052000e+04  9.593320e-01
1.055000e+04  9.555680e-01
1.058000e+04  9.489830e-01
1.061000e+04  9.437640e-01
1.064000e+04  9.432670e-01
1.067000e+04  9.486190e-01
1.070000e+04  9.603680e-01
1.073000e+04  9.757980e-01
1.076000e+04  9.890070e-01
1.079000e+04  9.971940e-01
1.082000e+04  1.000000e+00
1.085000e+04  9.971110e-01
1.088000e+04  9.942420e-01
1.091000e+04  9.917790e-01
1.094000e+04  9.812210e-01
1.097000e+04  9.738040e-01
1.100000e+04  9.411890e-01
1.103000e+04  9.126090e-01
1.106000e+04  8.863240e-01
1.109000e+04  8.623190e-01
1.112000e+04  8.295490e-01
1.115000e+04  7.739920e-01
1.118000e+04  5.992540e-01
1.121000e+04  4.005220e-01
1.124000e+04  2.270170e-01
1.127000e+04  1.145640e-01
1.130000e+04  5.263330e-02
1.133000e+04  2.614740e-02
1.136000e+04  1.035670e-02
1.139000e+04  7.171960e-03
1.142000e+04  4.832200e-03
1.145000e+04  2.529310e-03
1.148000e+04  1.537880e-03
1.151000e+04  1.223940e-03
1.154000e+04  9.170620e-04
1.157000e+04  7.453530e-04
1.160000e+04  6.388050e-04
1.163000e+04  5.960420e-04
1.166000e+04  5.316470e-04
1.169000e+04  4.753170e-04
1.172000e+04  4.668180e-04
1.175000e+04  3.793080e-04
1.178000e+04  4.265370e-04
1.181000e+04  4.527810e-04
1.184000e+04  3.759840e-04
1.187000e+04  4.050150e-04
1.190000e+04  3.685150e-04
1.193000e+04  3.112470e-04
1.196000e+04  3.483580e-04
1.199000e+04  3.446190e-04
1.202000e+04  3.517210e-04
1.205000e+04  3.217970e-04
1.208000e+04  3.243830e-04
1.211000e+04  3.331910e-04
1.214000e+04  3.577690e-04
1.217000e+04  3.686240e-04
1.220000e+04  4.461890e-04
1.223000e+04  4.489480e-04
1.226000e+04  0.000000e+00
1.229000e+04  0.000000e+00
