1.058000e+04  0.000000e+00
1.061500e+04  0.000000e+00
1.065000e+04  4.178400e-04
1.068500e+04  4.993890e-04
1.072000e+04  5.055690e-04
1.075500e+04  6.196330e-04
1.079000e+04  8.287780e-04
1.082500e+04  1.131480e-03
1.086000e+04  1.833820e-03
1.089500e+04  3.315540e-03
1.093000e+04  6.909610e-03
1.096500e+04  1.480000e-02
1.100000e+04  3.131160e-02
1.103500e+04  6.563570e-02
1.107000e+04  1.406240e-01
1.110500e+04  2.909960e-01
1.114000e+04  5.018530e-01
1.117500e+04  5.944260e-01
1.121000e+04  5.590410e-01
1.124500e+04  5.553370e-01
1.128000e+04  5.982730e-01
1.131500e+04  6.331820e-01
1.135000e+04  5.424110e-01
1.138500e+04  5.969650e-01
1.142000e+04  6.887040e-01
1.145500e+04  5.664820e-01
1.149000e+04  5.966530e-01
1.152500e+04  6.962180e-01
1.156000e+04  7.461870e-01
1.159500e+04  7.724770e-01
1.163000e+04  7.836560e-01
1.166500e+04  7.696480e-01
1.170000e+04  7.582260e-01
1.173500e+04  8.107740e-01
1.177000e+04  8.598400e-01
1.180500e+04  8.696440e-01
1.184000e+04  8.355240e-01
1.187500e+04  8.639580e-01
1.191000e+04  8.618430e-01
1.194500e+04  9.166370e-01
1.198000e+04  9.291180e-01
1.201500e+04  9.333960e-01
1.205000e+04  9.308410e-01
1.208500e+04  9.341270e-01
1.212000e+04  9.323090e-01
1.215500e+04  9.353320e-01
1.219000e+04  9.583000e-01
1.222500e+04  9.680670e-01
1.226000e+04  9.777490e-01
1.229500e+04  9.933560e-01
1.233000e+04  9.967500e-01
1.236500e+04  9.956250e-01
1.240000e+04  9.926070e-01
1.243500e+04  9.894920e-01
1.247000e+04  9.909540e-01
1.250500e+04  1.000000e+00
1.254000e+04  9.958230e-01
1.257500e+04  9.299890e-01
1.261000e+04  7.253970e-01
1.264500e+04  4.529600e-01
1.268000e+04  2.283650e-01
1.271500e+04  9.760190e-02
1.275000e+04  4.626010e-02
1.278500e+04  2.135680e-02
1.282000e+04  1.041610e-02
1.285500e+04  5.386690e-03
1.289000e+04  3.023680e-03
1.292500e+04  1.912320e-03
1.296000e+04  1.262640e-03
1.299500e+04  1.000660e-03
1.303000e+04  7.026070e-04
1.306500e+04  6.057480e-04
1.310000e+04  4.458070e-04
1.313500e+04  5.129430e-04
1.317000e+04  4.500580e-04
1.320500e+04  4.096750e-04
1.324000e+04  4.191860e-04
1.327500e+04  0.000000e+00
1.331000e+04  0.000000e+00
