1.148500e+04  0.000000e+00
1.152500e+04  0.000000e+00
1.156500e+04  3.038650e-04
1.160500e+04  3.430060e-04
1.164500e+04  4.125370e-04
1.168500e+04  4.944650e-04
1.172500e+04  7.404650e-04
1.176500e+04  1.370960e-03
1.180500e+04  2.475950e-03
1.184500e+04  4.465340e-03
1.188500e+04  8.618110e-03
1.192500e+04  1.915390e-02
1.196500e+04  4.604440e-02
1.200500e+04  1.113550e-01
1.204500e+04  2.533220e-01
1.208500e+04  4.849330e-01
1.212500e+04  7.245950e-01
1.216500e+04  8.778560e-01
1.220500e+04  9.492150e-01
1.224500e+04  9.641580e-01
1.228500e+04  9.799380e-01
1.232500e+04  9.868440e-01
1.236500e+04  9.849630e-01
1.240500e+04  9.807120e-01
1.244500e+04  9.746610e-01
1.248500e+04  9.757030e-01
1.252500e+04  9.888490e-01
1.256500e+04  1.000000e+00
1.260500e+04  9.797520e-01
1.264500e+04  9.468900e-01
1.268500e+04  8.977150e-01
1.272500e+04  8.441790e-01
1.276500e+04  8.621770e-01
1.280500e+04  8.571740e-01
1.284500e+04  8.544530e-01
1.288500e+04  8.685550e-01
1.292500e+04  9.059670e-01
1.296500e+04  9.516380e-01
1.300500e+04  9.828450e-01
1.304500e+04  9.708570e-01
1.308500e+04  9.434920e-01
1.312500e+04  9.031540e-01
1.316500e+04  8.854580e-01
1.320500e+04  8.849860e-01
1.324500e+04  8.882800e-01
1.328500e+04  9.272500e-01
1.332500e+04  8.406010e-01
1.336500e+04  8.888500e-01
1.340500e+04  9.005520e-01
1.344500e+04  8.097730e-01
1.348500e+04  5.967980e-01
1.352500e+04  3.526340e-01
1.356500e+04  1.643310e-01
1.360500e+04  7.189010e-02
1.364500e+04  2.216960e-02
1.368500e+04  1.431670e-02
1.372500e+04  5.451840e-03
1.376500e+04  4.717070e-03
1.380500e+04  2.664730e-03
1.384500e+04  4.571080e-04
1.388500e+04  6.208430e-04
1.392500e+04  5.858730e-04
1.396500e+04  2.326650e-04
1.400500e+04  1.983390e-04
1.404500e+04  1.786420e-04
1.408500e+04  1.625570e-04
1.412500e+04  1.521010e-04
1.416500e+04  1.644760e-04
1.420500e+04  1.844850e-04
1.424500e+04  2.111860e-04
1.428500e+04  2.370950e-04
1.432500e+04  0.000000e+00
1.436500e+04  0.000000e+00
