1.143000e+04  0.000000e+00
1.147000e+04  0.000000e+00
1.151000e+04  5.872420e-03
1.155000e+04  1.103800e-02
1.159000e+04  2.484370e-02
1.163000e+04  5.276210e-02
1.167000e+04  1.126970e-01
1.171000e+04  2.608370e-01
1.175000e+04  5.072140e-01
1.179000e+04  7.286860e-01
1.183000e+04  8.081650e-01
1.187000e+04  8.793220e-01
1.191000e+04  8.771960e-01
1.195000e+04  9.105640e-01
1.199000e+04  9.133360e-01
1.203000e+04  9.286900e-01
1.207000e+04  9.234260e-01
1.211000e+04  9.256140e-01
1.215000e+04  9.259440e-01
1.219000e+04  9.459870e-01
1.223000e+04  9.529040e-01
1.227000e+04  9.683160e-01
1.231000e+04  9.854160e-01
1.235000e+04  9.934820e-01
1.239000e+04  9.994290e-01
1.243000e+04  1.000000e+00
1.247000e+04  9.969520e-01
1.251000e+04  9.947970e-01
1.255000e+04  9.872070e-01
1.259000e+04  9.717180e-01
1.263000e+04  9.302370e-01
1.267000e+04  9.236540e-01
1.271000e+04  8.706300e-01
1.275000e+04  9.368870e-01
1.279000e+04  9.645050e-01
1.283000e+04  9.850590e-01
1.287000e+04  9.874890e-01
1.291000e+04  9.829080e-01
1.295000e+04  9.763740e-01
1.299000e+04  9.639240e-01
1.303000e+04  9.491500e-01
1.307000e+04  9.292930e-01
1.311000e+04  9.160050e-01
1.315000e+04  9.110370e-01
1.319000e+04  9.090860e-01
1.323000e+04  8.420260e-01
1.327000e+04  7.453750e-01
1.331000e+04  5.478740e-01
1.335000e+04  3.249630e-01
1.339000e+04  1.917090e-01
1.343000e+04  8.146120e-02
1.347000e+04  3.737910e-02
1.351000e+04  0.000000e+00
1.355000e+04  0.000000e+00
