1.134500e+04  0.000000e+00
1.138500e+04  0.000000e+00
1.142500e+04  1.720870e-03
1.146500e+04  1.823140e-03
1.150500e+04  4.407220e-03
1.154500e+04  1.285670e-02
1.158500e+04  2.680130e-02
1.162500e+04  5.124000e-02
1.166500e+04  1.448910e-01
1.170500e+04  4.542780e-01
1.174500e+04  6.981310e-01
1.178500e+04  8.226830e-01
1.182500e+04  8.936760e-01
1.186500e+04  8.404440e-01
1.190500e+04  7.982830e-01
1.194500e+04  8.855900e-01
1.198500e+04  9.122070e-01
1.202500e+04  9.174320e-01
1.206500e+04  9.171870e-01
1.210500e+04  9.291450e-01
1.214500e+04  9.371410e-01
1.218500e+04  9.673340e-01
1.222500e+04  9.698540e-01
1.226500e+04  9.468470e-01
1.230500e+04  9.337720e-01
1.234500e+04  9.479490e-01
1.238500e+04  9.882820e-01
1.242500e+04  1.000000e+00
1.246500e+04  9.653510e-01
1.250500e+04  9.332880e-01
1.254500e+04  9.384860e-01
1.258500e+04  9.663540e-01
1.262500e+04  9.437240e-01
1.266500e+04  9.237980e-01
1.270500e+04  8.510350e-01
1.274500e+04  9.025670e-01
1.278500e+04  9.418300e-01
1.282500e+04  9.586060e-01
1.286500e+04  9.300240e-01
1.290500e+04  8.904410e-01
1.294500e+04  8.736890e-01
1.298500e+04  8.768860e-01
1.302500e+04  8.842850e-01
1.306500e+04  8.729450e-01
1.310500e+04  8.800620e-01
1.314500e+04  9.068640e-01
1.318500e+04  9.347180e-01
1.322500e+04  9.030840e-01
1.326500e+04  8.797760e-01
1.330500e+04  7.294430e-01
1.334500e+04  3.842040e-01
1.338500e+04  1.850080e-01
1.342500e+04  7.226200e-02
1.346500e+04  3.486300e-02
1.350500e+04  0.000000e+00
1.354500e+04  0.000000e+00
