9.945000e+03  0.000000e+00
9.985000e+03  0.000000e+00
1.002500e+04  5.960050e-02
1.006500e+04  1.725470e-02
1.010500e+04  2.342470e-03
1.014500e+04  2.905270e-03
1.018500e+04  4.696690e-03
1.022500e+04  1.368640e-02
1.026500e+04  1.165220e-03
1.030500e+04  7.425620e-03
1.034500e+04  1.020270e-02
1.038500e+04  4.814930e-03
1.042500e+04  2.521950e-03
1.046500e+04  4.482830e-03
1.050500e+04  8.030770e-03
1.054500e+04  8.490040e-03
1.058500e+04  4.960760e-03
1.062500e+04  1.744460e-03
1.066500e+04  5.736160e-03
1.070500e+04  1.580510e-02
1.074500e+04  1.285350e-02
1.078500e+04  1.732270e-02
1.082500e+04  3.998490e-02
1.086500e+04  7.867830e-02
1.090500e+04  1.281390e-01
1.094500e+04  2.491930e-01
1.098500e+04  3.667090e-01
1.102500e+04  4.915660e-01
1.106500e+04  5.942300e-01
1.110500e+04  6.552690e-01
1.114500e+04  6.580700e-01
1.118500e+04  5.718190e-01
1.122500e+04  5.034770e-01
1.126500e+04  5.014060e-01
1.130500e+04  5.401470e-01
1.134500e+04  5.129370e-01
1.138500e+04  5.619790e-01
1.142500e+04  6.571390e-01
1.146500e+04  5.526070e-01
1.150500e+04  6.087630e-01
1.154500e+04  6.719150e-01
1.158500e+04  7.252180e-01
1.162500e+04  7.900870e-01
1.166500e+04  8.170000e-01
1.170500e+04  8.250420e-01
1.174500e+04  8.604410e-01
1.178500e+04  8.514970e-01
1.182500e+04  8.226720e-01
1.186500e+04  8.353210e-01
1.190500e+04  8.422240e-01
1.194500e+04  8.753410e-01
1.198500e+04  8.771520e-01
1.202500e+04  8.802280e-01
1.206500e+04  8.768850e-01
1.210500e+04  8.983540e-01
1.214500e+04  9.027080e-01
1.218500e+04  9.133960e-01
1.222500e+04  9.119530e-01
1.226500e+04  9.108590e-01
1.230500e+04  9.252030e-01
1.234500e+04  9.267680e-01
1.238500e+04  9.368560e-01
1.242500e+04  9.397520e-01
1.246500e+04  9.395410e-01
1.250500e+04  9.539830e-01
1.254500e+04  9.583300e-01
1.258500e+04  9.502140e-01
1.262500e+04  9.103310e-01
1.266500e+04  8.894870e-01
1.270500e+04  8.472950e-01
1.274500e+04  8.980880e-01
1.278500e+04  9.417440e-01
1.282500e+04  9.745300e-01
1.286500e+04  9.853140e-01
1.290500e+04  9.912260e-01
1.294500e+04  1.000000e+00
1.298500e+04  9.958440e-01
1.302500e+04  9.956760e-01
1.306500e+04  9.795970e-01
1.310500e+04  9.712080e-01
1.314500e+04  9.677850e-01
1.318500e+04  9.666650e-01
1.322500e+04  9.387700e-01
1.326500e+04  9.307460e-01
1.330500e+04  8.816450e-01
1.334500e+04  8.059210e-01
1.338500e+04  8.810530e-01
1.342500e+04  8.333720e-01
1.346500e+04  7.080630e-01
1.350500e+04  4.585520e-01
1.354500e+04  2.962710e-01
1.358500e+04  2.104240e-01
1.362500e+04  1.211360e-01
1.366500e+04  1.698970e-01
1.370500e+04  1.503670e-01
1.374500e+04  1.939110e-01
1.378500e+04  3.115640e-01
1.382500e+04  1.651140e-01
1.386500e+04  1.180950e-01
1.390500e+04  1.941690e-01
1.394500e+04  1.049780e-01
1.398500e+04  3.805500e-02
1.402500e+04  2.034110e-02
1.406500e+04  1.367210e-02
1.410500e+04  8.202940e-03
1.414500e+04  6.087670e-03
1.418500e+04  4.254340e-03
1.422500e+04  2.767940e-03
1.426500e+04  1.574040e-03
1.430500e+04  0.000000e+00
1.434500e+04  0.000000e+00
