1.117000e+04  0.000000e+00
1.121000e+04  0.000000e+00
1.125000e+04  1.231820e-03
1.129000e+04  1.818410e-03
1.133000e+04  2.698260e-03
1.137000e+04  4.457980e-03
1.141000e+04  7.742840e-03
1.145000e+04  1.164360e-02
1.149000e+04  2.155670e-02
1.153000e+04  3.927150e-02
1.157000e+04  7.836700e-02
1.161000e+04  1.548280e-01
1.165000e+04  2.951660e-01
1.169000e+04  4.941640e-01
1.173000e+04  6.717500e-01
1.177000e+04  7.714390e-01
1.181000e+04  7.989800e-01
1.185000e+04  8.163130e-01
1.189000e+04  8.212690e-01
1.193000e+04  8.309480e-01
1.197000e+04  8.275460e-01
1.201000e+04  8.246720e-01
1.205000e+04  8.185710e-01
1.209000e+04  8.403920e-01
1.213000e+04  8.676090e-01
1.217000e+04  8.952960e-01
1.221000e+04  9.105760e-01
1.225000e+04  9.145060e-01
1.229000e+04  9.064700e-01
1.233000e+04  8.970560e-01
1.237000e+04  8.961170e-01
1.241000e+04  9.076140e-01
1.245000e+04  9.281440e-01
1.249000e+04  9.480290e-01
1.253000e+04  9.581480e-01
1.257000e+04  9.514600e-01
1.261000e+04  9.218090e-01
1.265000e+04  8.857340e-01
1.269000e+04  8.520340e-01
1.273000e+04  9.302850e-01
1.277000e+04  9.599950e-01
1.281000e+04  9.886790e-01
1.285000e+04  1.000000e+00
1.289000e+04  9.951020e-01
1.293000e+04  9.799100e-01
1.297000e+04  9.621660e-01
1.301000e+04  9.497300e-01
1.305000e+04  9.432780e-01
1.309000e+04  9.494070e-01
1.313000e+04  9.527220e-01
1.317000e+04  9.186110e-01
1.321000e+04  8.054900e-01
1.325000e+04  6.476720e-01
1.329000e+04  4.523390e-01
1.333000e+04  2.836700e-01
1.337000e+04  1.833940e-01
1.341000e+04  1.191930e-01
1.345000e+04  7.015500e-02
1.349000e+04  3.771730e-02
1.353000e+04  1.900540e-02
1.357000e+04  1.035320e-02
1.361000e+04  3.695410e-03
1.365000e+04  4.281950e-03
1.369000e+04  2.082370e-03
1.373000e+04  2.903540e-03
1.377000e+04  2.786220e-03
1.381000e+04  1.261180e-03
1.385000e+04  9.971900e-04
1.389000e+04  1.378450e-03
1.393000e+04  9.678610e-04
1.397000e+04  7.039010e-04
1.401000e+04  5.572670e-04
1.405000e+04  5.279210e-04
1.409000e+04  0.000000e+00
1.413000e+04  0.000000e+00
