1.944000e+04  0.000000e+00
1.951000e+04  0.000000e+00
1.958000e+04  3.733880e-03
1.965000e+04  6.586290e-03
1.972000e+04  1.561760e-02
1.979000e+04  3.373220e-02
1.986000e+04  7.990560e-02
1.993000e+04  1.809920e-01
2.000000e+04  2.357300e-01
2.007000e+04  3.610720e-01
2.014000e+04  4.796430e-01
2.021000e+04  7.217900e-01
2.028000e+04  9.093890e-01
2.035000e+04  9.404600e-01
2.042000e+04  9.149820e-01
2.049000e+04  8.212540e-01
2.056000e+04  7.150800e-01
2.063000e+04  7.663420e-01
2.070000e+04  7.983670e-01
2.077000e+04  8.881050e-01
2.084000e+04  9.160490e-01
2.091000e+04  9.381220e-01
2.098000e+04  9.540720e-01
2.105000e+04  9.717050e-01
2.112000e+04  9.804940e-01
2.119000e+04  9.869580e-01
2.126000e+04  9.922960e-01
2.133000e+04  9.988420e-01
2.140000e+04  1.000000e+00
2.147000e+04  9.949670e-01
2.154000e+04  9.792590e-01
2.161000e+04  9.660390e-01
2.168000e+04  9.689370e-01
2.175000e+04  9.633500e-01
2.182000e+04  9.472220e-01
2.189000e+04  9.466470e-01
2.196000e+04  9.256340e-01
2.203000e+04  9.022520e-01
2.210000e+04  9.218350e-01
2.217000e+04  9.135120e-01
2.224000e+04  9.076060e-01
2.231000e+04  9.044970e-01
2.238000e+04  9.070770e-01
2.245000e+04  9.104070e-01
2.252000e+04  9.155830e-01
2.259000e+04  9.089680e-01
2.266000e+04  9.123430e-01
2.273000e+04  9.183440e-01
2.280000e+04  9.308740e-01
2.287000e+04  9.252080e-01
2.294000e+04  9.225340e-01
2.301000e+04  9.010130e-01
2.308000e+04  9.015420e-01
2.315000e+04  8.152360e-01
2.322000e+04  6.790740e-01
2.329000e+04  4.831400e-01
2.336000e+04  2.874840e-01
2.343000e+04  1.492480e-01
2.350000e+04  7.454640e-02
2.357000e+04  3.933750e-02
2.364000e+04  2.072530e-02
2.371000e+04  9.924940e-03
2.378000e+04  6.565530e-03
2.385000e+04  0.000000e+00
2.392000e+04  0.000000e+00
