1.911500e+04  0.000000e+00
1.918500e+04  0.000000e+00
1.925500e+04  2.963780e-03
1.932500e+04  4.674820e-03
1.939500e+04  6.416430e-03
1.946500e+04  9.716300e-03
1.953500e+04  1.096900e-02
1.960500e+04  1.478830e-02
1.967500e+04  2.228940e-02
1.974500e+04  3.435840e-02
1.981500e+04  4.838290e-02
1.988500e+04  6.572250e-02
1.995500e+04  8.448290e-02
2.002500e+04  5.493650e-02
2.009500e+04  1.060840e-01
2.016500e+04  1.625040e-01
2.023500e+04  3.453880e-01
2.030500e+04  5.394840e-01
2.037500e+04  6.730680e-01
2.044500e+04  7.532420e-01
2.051500e+04  6.459210e-01
2.058500e+04  6.795450e-01
2.065500e+04  6.915840e-01
2.072500e+04  7.884390e-01
2.079500e+04  8.891330e-01
2.086500e+04  9.082750e-01
2.093500e+04  9.346740e-01
2.100500e+04  9.459640e-01
2.107500e+04  9.516170e-01
2.114500e+04  9.556960e-01
2.121500e+04  9.565360e-01
2.128500e+04  9.656720e-01
2.135500e+04  9.713400e-01
2.142500e+04  9.753880e-01
2.149500e+04  9.734330e-01
2.156500e+04  9.760610e-01
2.163500e+04  9.714780e-01
2.170500e+04  9.732490e-01
2.177500e+04  9.704540e-01
2.184500e+04  9.660690e-01
2.191500e+04  9.700720e-01
2.198500e+04  9.471410e-01
2.205500e+04  9.627240e-01
2.212500e+04  9.769620e-01
2.219500e+04  9.729290e-01
2.226500e+04  9.849060e-01
2.233500e+04  9.853800e-01
2.240500e+04  9.954470e-01
2.247500e+04  1.000000e+00
2.254500e+04  9.931560e-01
2.261500e+04  9.826300e-01
2.268500e+04  9.817270e-01
2.275500e+04  9.533580e-01
2.282500e+04  9.307950e-01
2.289500e+04  9.141270e-01
2.296500e+04  8.800130e-01
2.303500e+04  8.579960e-01
2.310500e+04  8.812350e-01
2.317500e+04  8.247230e-01
2.324500e+04  8.889040e-01
2.331500e+04  9.007130e-01
2.338500e+04  9.057690e-01
2.345500e+04  9.165550e-01
2.352500e+04  8.867830e-01
2.359500e+04  8.702350e-01
2.366500e+04  7.775960e-01
2.373500e+04  5.911620e-01
2.380500e+04  5.130250e-01
2.387500e+04  3.954510e-01
2.394500e+04  2.966840e-01
2.401500e+04  2.254610e-01
2.408500e+04  1.585010e-01
2.415500e+04  1.061920e-01
2.422500e+04  7.545380e-02
2.429500e+04  5.322590e-02
2.436500e+04  3.104310e-02
2.443500e+04  2.274770e-02
2.450500e+04  1.399390e-02
2.457500e+04  1.049550e-02
2.464500e+04  6.859420e-03
2.471500e+04  5.530380e-03
2.478500e+04  0.000000e+00
2.485500e+04  0.000000e+00
