1.946500e+04  0.000000e+00
1.953500e+04  0.000000e+00
1.960500e+04  1.092680e-02
1.967500e+04  2.787840e-02
1.974500e+04  1.012050e-01
1.981500e+04  2.703290e-01
1.988500e+04  5.352690e-01
1.995500e+04  7.197070e-01
2.002500e+04  3.028410e-01
2.009500e+04  3.025750e-01
2.016500e+04  3.514370e-01
2.023500e+04  5.813290e-01
2.030500e+04  8.442420e-01
2.037500e+04  9.105650e-01
2.044500e+04  8.825050e-01
2.051500e+04  7.042220e-01
2.058500e+04  6.421790e-01
2.065500e+04  6.731790e-01
2.072500e+04  7.414880e-01
2.079500e+04  8.770890e-01
2.086500e+04  9.107340e-01
2.093500e+04  9.467240e-01
2.100500e+04  9.770450e-01
2.107500e+04  9.816690e-01
2.114500e+04  9.756620e-01
2.121500e+04  9.788220e-01
2.128500e+04  9.822890e-01
2.135500e+04  1.000000e+00
2.142500e+04  9.997070e-01
2.149500e+04  9.889770e-01
2.156500e+04  9.798230e-01
2.163500e+04  9.725860e-01
2.170500e+04  9.831100e-01
2.177500e+04  9.744630e-01
2.184500e+04  9.642760e-01
2.191500e+04  9.589490e-01
2.198500e+04  9.216350e-01
2.205500e+04  9.075640e-01
2.212500e+04  9.694270e-01
2.219500e+04  9.631270e-01
2.226500e+04  9.657780e-01
2.233500e+04  9.501040e-01
2.240500e+04  9.404180e-01
2.247500e+04  9.312300e-01
2.254500e+04  9.203400e-01
2.261500e+04  9.120920e-01
2.268500e+04  9.198000e-01
2.275500e+04  9.038300e-01
2.282500e+04  9.066990e-01
2.289500e+04  8.589150e-01
2.296500e+04  7.977480e-01
2.303500e+04  7.257590e-01
2.310500e+04  5.807270e-01
2.317500e+04  3.057870e-01
2.324500e+04  1.324340e-01
2.331500e+04  6.519290e-02
2.338500e+04  0.000000e+00
2.345500e+04  0.000000e+00
