1.810500e+04  0.000000e+00
1.817500e+04  0.000000e+00
1.824500e+04  1.075720e-03
1.831500e+04  4.407730e-04
1.838500e+04  2.255470e-04
1.845500e+04  4.885820e-04
1.852500e+04  4.675320e-04
1.859500e+04  5.167260e-04
1.866500e+04  7.962830e-04
1.873500e+04  6.796670e-05
1.880500e+04  6.467370e-04
1.887500e+04  9.944040e-04
1.894500e+04  8.318000e-04
1.901500e+04  4.307080e-04
1.908500e+04  6.683290e-04
1.915500e+04  6.625770e-04
1.922500e+04  1.198930e-03
1.929500e+04  1.226120e-03
1.936500e+04  1.744480e-03
1.943500e+04  2.595510e-03
1.950500e+04  4.802640e-03
1.957500e+04  6.380710e-03
1.964500e+04  1.909430e-02
1.971500e+04  5.246260e-02
1.978500e+04  1.219710e-01
1.985500e+04  2.388260e-01
1.992500e+04  4.318000e-01
1.999500e+04  4.162840e-01
2.006500e+04  2.154190e-01
2.013500e+04  3.549680e-01
2.020500e+04  4.567480e-01
2.027500e+04  7.663870e-01
2.034500e+04  9.148800e-01
2.041500e+04  9.074480e-01
2.048500e+04  8.321990e-01
2.055500e+04  6.223820e-01
2.062500e+04  7.161550e-01
2.069500e+04  6.979230e-01
2.076500e+04  8.267210e-01
2.083500e+04  9.099930e-01
2.090500e+04  9.218090e-01
2.097500e+04  9.646970e-01
2.104500e+04  9.758870e-01
2.111500e+04  9.755630e-01
2.118500e+04  9.868860e-01
2.125500e+04  9.883540e-01
2.132500e+04  9.961330e-01
2.139500e+04  1.000000e+00
2.146500e+04  9.973750e-01
2.153500e+04  9.792760e-01
2.160500e+04  9.774520e-01
2.167500e+04  9.741060e-01
2.174500e+04  9.845560e-01
2.181500e+04  9.850860e-01
2.188500e+04  9.843310e-01
2.195500e+04  9.856240e-01
2.202500e+04  9.260840e-01
2.209500e+04  9.726880e-01
2.216500e+04  9.832820e-01
2.223500e+04  9.770300e-01
2.230500e+04  9.574060e-01
2.237500e+04  9.421830e-01
2.244500e+04  9.381090e-01
2.251500e+04  9.417870e-01
2.258500e+04  9.205730e-01
2.265500e+04  9.422670e-01
2.272500e+04  9.285360e-01
2.279500e+04  9.107600e-01
2.286500e+04  9.048700e-01
2.293500e+04  8.149450e-01
2.300500e+04  6.519780e-01
2.307500e+04  4.059780e-01
2.314500e+04  2.336420e-01
2.321500e+04  1.024280e-01
2.328500e+04  6.110760e-02
2.335500e+04  3.349990e-02
2.342500e+04  1.811230e-02
2.349500e+04  1.041120e-02
2.356500e+04  6.718930e-03
2.363500e+04  5.259520e-03
2.370500e+04  3.761790e-03
2.377500e+04  3.258530e-03
2.384500e+04  3.513730e-03
2.391500e+04  0.000000e+00
2.398500e+04  0.000000e+00
