1.931000e+04  0.000000e+00
1.938000e+04  0.000000e+00
1.945000e+04  1.115880e-03
1.952000e+04  9.579960e-04
1.959000e+04  1.534630e-03
1.966000e+04  2.555770e-03
1.973000e+04  5.480840e-03
1.980000e+04  9.717420e-03
1.987000e+04  1.944220e-02
1.994000e+04  3.234640e-02
2.001000e+04  2.753030e-02
2.008000e+04  3.713690e-02
2.015000e+04  8.599170e-02
2.022000e+04  2.254620e-01
2.029000e+04  5.173790e-01
2.036000e+04  7.309140e-01
2.043000e+04  7.905030e-01
2.050000e+04  7.102060e-01
2.057000e+04  5.929040e-01
2.064000e+04  6.673110e-01
2.071000e+04  6.986010e-01
2.078000e+04  8.369100e-01
2.085000e+04  8.979750e-01
2.092000e+04  9.297120e-01
2.099000e+04  9.680940e-01
2.106000e+04  9.775790e-01
2.113000e+04  9.735610e-01
2.120000e+04  9.788330e-01
2.127000e+04  9.808470e-01
2.134000e+04  9.932330e-01
2.141000e+04  1.000000e+00
2.148000e+04  9.990750e-01
2.155000e+04  9.914720e-01
2.162000e+04  9.917570e-01
2.169000e+04  9.953990e-01
2.176000e+04  9.960570e-01
2.183000e+04  9.874610e-01
2.190000e+04  9.797980e-01
2.197000e+04  9.568090e-01
2.204000e+04  9.105600e-01
2.211000e+04  9.645330e-01
2.218000e+04  9.693010e-01
2.225000e+04  9.709460e-01
2.232000e+04  9.613210e-01
2.239000e+04  9.542630e-01
2.246000e+04  9.449060e-01
2.253000e+04  9.421950e-01
2.260000e+04  9.215910e-01
2.267000e+04  9.435900e-01
2.274000e+04  9.276510e-01
2.281000e+04  8.877450e-01
2.288000e+04  7.629780e-01
2.295000e+04  5.579990e-01
2.302000e+04  3.823910e-01
2.309000e+04  2.496420e-01
2.316000e+04  1.560960e-01
2.323000e+04  8.586360e-02
2.330000e+04  5.297700e-02
2.337000e+04  2.998390e-02
2.344000e+04  1.609750e-02
2.351000e+04  9.002740e-03
2.358000e+04  5.644210e-03
2.365000e+04  3.466410e-03
2.372000e+04  2.502020e-03
2.379000e+04  0.000000e+00
2.386000e+04  0.000000e+00
