1.800500e+05  2.874300e-04
1.806800e+05  2.791760e-04
1.813100e+05  2.083530e-04
1.819400e+05  1.404220e-05
1.825800e+05  2.738790e-04
1.832300e+05  2.717160e-04
1.838800e+05  2.814430e-04
1.845300e+05  2.851850e-04
1.851900e+05  2.888850e-04
1.858600e+05  6.732010e-04
1.865200e+05  6.965750e-04
1.872000e+05  4.677510e-04
1.878800e+05  1.569020e-04
1.885600e+05  3.184630e-04
1.892500e+05  3.196100e-04
1.899400e+05  2.126820e-04
1.906400e+05  2.176280e-04
1.913400e+05  7.349470e-04
1.920500e+05  8.686710e-04
1.927700e+05  6.309460e-04
1.934800e+05  7.414900e-04
1.942100e+05  8.275270e-04
1.949400e+05  1.761990e-03
1.956700e+05  2.375900e-03
1.964200e+05  4.032160e-03
1.971600e+05  5.163330e-03
1.979200e+05  7.403020e-03
1.986700e+05  9.710700e-03
1.994400e+05  1.413920e-02
2.002100e+05  1.581460e-02
2.009800e+05  2.122120e-02
2.017700e+05  2.648000e-02
2.025500e+05  3.444730e-02
2.033500e+05  5.473590e-02
2.041500e+05  8.176870e-02
2.049600e+05  1.288360e-01
2.057700e+05  1.885270e-01
2.065900e+05  2.669450e-01
2.074200e+05  3.977050e-01
2.082500e+05  5.543280e-01
2.090900e+05  7.685570e-01
2.099300e+05  8.461350e-01
2.107900e+05  8.881300e-01
2.116500e+05  9.104610e-01
2.125200e+05  9.320240e-01
2.133900e+05  9.545610e-01
2.142700e+05  9.752830e-01
2.151600e+05  9.881220e-01
2.160600e+05  9.954490e-01
2.169600e+05  9.980690e-01
2.178700e+05  1.000000e+00
2.187900e+05  9.980420e-01
2.197200e+05  9.923480e-01
2.206500e+05  9.783110e-01
2.216000e+05  9.558820e-01
2.225500e+05  9.176040e-01
2.235100e+05  9.049220e-01
2.244800e+05  8.752710e-01
2.254500e+05  8.531040e-01
2.264400e+05  8.350320e-01
2.274300e+05  8.219780e-01
2.284300e+05  8.198940e-01
2.294400e+05  8.154100e-01
2.304600e+05  8.058600e-01
2.314900e+05  7.871920e-01
2.325300e+05  7.657850e-01
2.335800e+05  7.436450e-01
2.346300e+05  7.220780e-01
2.357000e+05  6.973900e-01
2.367800e+05  6.887160e-01
2.378600e+05  7.139050e-01
2.389600e+05  7.300740e-01
2.400600e+05  7.639630e-01
2.411800e+05  7.933600e-01
2.423100e+05  8.217000e-01
2.434500e+05  8.336500e-01
2.445900e+05  8.256980e-01
2.457500e+05  8.156710e-01
2.469200e+05  7.939670e-01
2.481000e+05  7.744730e-01
2.493000e+05  7.524810e-01
2.505000e+05  7.265940e-01
2.517200e+05  6.967720e-01
2.529500e+05  6.654780e-01
2.541900e+05  6.327830e-01
2.554400e+05  5.947190e-01
2.567000e+05  5.524780e-01
2.579800e+05  5.101090e-01
2.592700e+05  4.701180e-01
2.605700e+05  4.350760e-01
2.618900e+05  4.053970e-01
2.632200e+05  3.782660e-01
2.645600e+05  3.538330e-01
2.659200e+05  3.335290e-01
2.672900e+05  3.120620e-01
2.686700e+05  2.880210e-01
2.700700e+05  2.641340e-01
2.714900e+05  2.387490e-01
2.729200e+05  2.089670e-01
2.743600e+05  1.797750e-01
2.758200e+05  1.547300e-01
2.772900e+05  1.340500e-01
2.787800e+05  1.162730e-01
2.802900e+05  1.017100e-01
2.818100e+05  9.139010e-02
2.833500e+05  8.297970e-02
2.849100e+05  7.497690e-02
2.864900e+05  6.773560e-02
2.880800e+05  6.102720e-02
2.896900e+05  5.436540e-02
2.913100e+05  4.572240e-02
2.929600e+05  3.807760e-02
2.946200e+05  3.151800e-02
2.963100e+05  2.607570e-02
2.980100e+05  2.180900e-02
2.997300e+05  1.864740e-02
3.014800e+05  1.579480e-02
3.032400e+05  1.381860e-02
3.050200e+05  1.188810e-02
3.068300e+05  9.806090e-03
3.086500e+05  7.783620e-03
3.105000e+05  5.960810e-03
3.123700e+05  4.460620e-03
3.142700e+05  3.305960e-03
3.161800e+05  2.397160e-03
3.181200e+05  1.643270e-03
3.200900e+05  1.011000e-03
3.220700e+05  4.929020e-04
