3.640000e+03  0.000000e+00
3.660000e+03  0.000000e+00
3.680000e+03  7.887770e-04
3.700000e+03  8.281220e-04
3.720000e+03  9.047340e-04
3.740000e+03  9.841000e-04
3.760000e+03  1.055950e-03
3.780000e+03  1.071210e-03
3.800000e+03  1.037510e-03
3.820000e+03  9.865150e-04
3.840000e+03  9.451020e-04
3.860000e+03  9.665220e-04
3.880000e+03  1.047090e-03
3.900000e+03  1.140480e-03
3.920000e+03  1.173040e-03
3.940000e+03  1.109570e-03
3.960000e+03  9.449260e-04
3.980000e+03  7.442420e-04
4.000000e+03  5.675920e-04
4.020000e+03  4.615500e-04
4.040000e+03  4.406000e-04
4.060000e+03  4.924120e-04
4.080000e+03  5.856460e-04
4.100000e+03  6.754720e-04
4.120000e+03  7.285930e-04
4.140000e+03  7.007560e-04
4.160000e+03  5.939740e-04
4.180000e+03  4.762710e-04
4.200000e+03  3.734010e-04
4.220000e+03  2.980990e-04
4.240000e+03  2.661900e-04
4.260000e+03  2.417780e-04
4.280000e+03  2.251140e-04
4.300000e+03  2.151880e-04
4.320000e+03  2.003260e-04
4.340000e+03  1.899840e-04
4.360000e+03  1.746390e-04
4.380000e+03  1.638860e-04
4.400000e+03  1.480630e-04
4.420000e+03  1.394770e-04
4.440000e+03  1.395350e-04
4.460000e+03  1.408380e-04
4.480000e+03  1.395870e-04
4.500000e+03  1.255020e-04
4.520000e+03  1.240060e-04
4.540000e+03  1.248110e-04
4.560000e+03  1.254020e-04
4.580000e+03  1.246460e-04
4.600000e+03  1.172890e-04
4.620000e+03  1.164490e-04
4.640000e+03  1.169060e-04
4.660000e+03  1.173580e-04
4.680000e+03  1.151250e-04
4.700000e+03  9.944360e-05
4.720000e+03  9.575220e-05
4.740000e+03  8.932010e-05
4.760000e+03  9.642090e-05
4.780000e+03  9.674080e-05
4.800000e+03  9.023820e-05
4.820000e+03  9.739710e-05
4.840000e+03  1.018480e-04
4.860000e+03  1.201330e-04
4.880000e+03  1.315940e-04
4.900000e+03  1.333990e-04
4.920000e+03  1.337760e-04
4.940000e+03  1.341440e-04
4.960000e+03  1.345150e-04
4.980000e+03  1.348870e-04
5.000000e+03  1.352460e-04
5.020000e+03  1.383580e-04
5.040000e+03  1.569960e-04
5.060000e+03  1.714400e-04
5.080000e+03  1.916120e-04
5.100000e+03  2.061690e-04
5.120000e+03  2.307490e-04
5.140000e+03  2.753910e-04
5.160000e+03  3.316160e-04
5.180000e+03  3.909010e-04
5.200000e+03  4.633060e-04
5.220000e+03  5.661400e-04
5.240000e+03  6.981210e-04
5.260000e+03  8.866180e-04
5.280000e+03  1.155320e-03
5.300000e+03  1.526800e-03
5.320000e+03  2.027770e-03
5.340000e+03  2.711560e-03
5.360000e+03  3.645210e-03
5.380000e+03  4.965570e-03
5.400000e+03  6.882920e-03
5.420000e+03  9.680290e-03
5.440000e+03  1.390460e-02
5.460000e+03  2.028870e-02
5.480000e+03  2.984610e-02
5.500000e+03  4.387460e-02
5.520000e+03  6.392130e-02
5.540000e+03  9.177680e-02
5.560000e+03  1.290890e-01
5.580000e+03  1.771840e-01
5.600000e+03  2.368780e-01
5.620000e+03  3.081790e-01
5.640000e+03  3.903000e-01
5.660000e+03  4.802940e-01
5.680000e+03  5.733780e-01
5.700000e+03  6.625600e-01
5.720000e+03  7.398750e-01
5.740000e+03  7.992490e-01
5.760000e+03  8.368430e-01
5.780000e+03  8.533560e-01
5.800000e+03  8.532980e-01
5.820000e+03  8.439120e-01
5.840000e+03  8.322220e-01
5.860000e+03  8.235760e-01
5.880000e+03  8.210820e-01
5.900000e+03  8.242330e-01
5.920000e+03  8.308070e-01
5.940000e+03  8.383170e-01
5.960000e+03  8.450560e-01
5.980000e+03  8.511200e-01
6.000000e+03  8.579800e-01
6.020000e+03  8.675950e-01
6.040000e+03  8.805160e-01
6.060000e+03  8.965630e-01
6.080000e+03  9.143910e-01
6.100000e+03  9.323350e-01
6.120000e+03  9.482100e-01
6.140000e+03  9.610060e-01
6.160000e+03  9.704940e-01
6.180000e+03  9.771810e-01
6.200000e+03  9.816770e-01
6.220000e+03  9.854490e-01
6.240000e+03  9.896760e-01
6.260000e+03  9.939020e-01
6.280000e+03  9.974100e-01
6.300000e+03  9.994970e-01
6.320000e+03  1.000000e+00
6.340000e+03  9.988850e-01
6.360000e+03  9.966670e-01
6.380000e+03  9.928570e-01
6.400000e+03  9.871730e-01
6.420000e+03  9.800780e-01
6.440000e+03  9.718470e-01
6.460000e+03  9.631990e-01
6.480000e+03  9.543600e-01
6.500000e+03  9.447730e-01
6.520000e+03  9.330940e-01
6.540000e+03  9.179070e-01
6.560000e+03  8.981610e-01
6.580000e+03  8.733610e-01
6.600000e+03  8.433930e-01
6.620000e+03  8.094290e-01
6.640000e+03  7.733630e-01
6.660000e+03  7.379830e-01
6.680000e+03  7.068120e-01
6.700000e+03  6.831700e-01
6.720000e+03  6.696790e-01
6.740000e+03  6.677450e-01
6.760000e+03  6.779890e-01
6.780000e+03  6.981290e-01
6.800000e+03  7.201810e-01
6.820000e+03  7.277360e-01
6.840000e+03  6.933430e-01
6.860000e+03  6.151230e-01
6.880000e+03  5.011730e-01
6.900000e+03  3.776880e-01
6.920000e+03  2.560400e-01
6.940000e+03  1.559380e-01
6.960000e+03  8.715140e-02
6.980000e+03  4.697930e-02
7.000000e+03  2.585300e-02
7.020000e+03  1.515280e-02
7.040000e+03  9.453210e-03
7.060000e+03  6.182870e-03
7.080000e+03  4.194680e-03
7.100000e+03  2.937800e-03
7.120000e+03  2.128150e-03
7.140000e+03  1.585240e-03
7.160000e+03  1.203410e-03
7.180000e+03  9.395900e-04
7.200000e+03  7.933280e-04
7.220000e+03  6.931940e-04
7.240000e+03  6.012780e-04
7.260000e+03  5.352490e-04
7.280000e+03  4.771100e-04
7.300000e+03  4.412320e-04
7.320000e+03  4.270080e-04
7.340000e+03  4.199080e-04
7.360000e+03  4.035450e-04
7.380000e+03  3.926960e-04
7.400000e+03  3.893290e-04
7.420000e+03  3.880780e-04
7.440000e+03  3.941200e-04
7.460000e+03  4.052910e-04
7.480000e+03  4.050180e-04
7.500000e+03  4.027090e-04
7.520000e+03  4.004070e-04
7.540000e+03  3.981040e-04
7.560000e+03  3.956660e-04
7.580000e+03  3.778540e-04
7.600000e+03  2.913690e-04
7.620000e+03  2.995120e-04
7.640000e+03  3.109400e-04
7.660000e+03  3.776190e-04
7.680000e+03  4.427360e-04
7.700000e+03  4.500840e-04
7.720000e+03  4.493050e-04
7.740000e+03  4.589700e-04
7.760000e+03  4.656190e-04
7.780000e+03  4.787520e-04
7.800000e+03  5.020380e-04
7.820000e+03  5.147180e-04
7.840000e+03  5.215970e-04
7.860000e+03  5.375570e-04
7.880000e+03  5.486990e-04
7.900000e+03  5.548830e-04
7.920000e+03  5.669790e-04
7.940000e+03  5.641650e-04
7.960000e+03  5.612220e-04
7.980000e+03  5.739700e-04
8.000000e+03  5.898180e-04
8.020000e+03  6.095160e-04
8.040000e+03  6.227560e-04
8.060000e+03  6.254870e-04
8.080000e+03  6.329640e-04
8.100000e+03  6.459680e-04
8.120000e+03  6.333240e-04
8.140000e+03  6.328720e-04
8.160000e+03  6.501110e-04
8.180000e+03  6.521200e-04
8.200000e+03  0.000000e+00
8.220000e+03  0.000000e+00
