5.190000e+03  0.000000e+00
5.210000e+03  0.000000e+00
5.230000e+03  5.239930e-04
5.250000e+03  5.890890e-04
5.270000e+03  6.246880e-04
5.290000e+03  6.106500e-04
5.310000e+03  5.580310e-04
5.330000e+03  4.618370e-04
5.350000e+03  5.894840e-04
5.370000e+03  5.447980e-04
5.390000e+03  5.313890e-04
5.410000e+03  6.008030e-04
5.430000e+03  6.252430e-04
5.450000e+03  5.924010e-04
5.470000e+03  5.876580e-04
5.490000e+03  4.906880e-04
5.510000e+03  6.058870e-04
5.530000e+03  6.685540e-04
5.550000e+03  6.952510e-04
5.570000e+03  1.460010e-03
5.590000e+03  4.149760e-03
5.610000e+03  1.143600e-02
5.630000e+03  2.749270e-02
5.650000e+03  5.396360e-02
5.670000e+03  9.430640e-02
5.690000e+03  1.506760e-01
5.710000e+03  2.196830e-01
5.730000e+03  2.950900e-01
5.750000e+03  3.725560e-01
5.770000e+03  4.483870e-01
5.790000e+03  5.205410e-01
5.810000e+03  5.877230e-01
5.830000e+03  6.486600e-01
5.850000e+03  7.034960e-01
5.870000e+03  7.517030e-01
5.890000e+03  7.937650e-01
5.910000e+03  8.301510e-01
5.930000e+03  8.612260e-01
5.950000e+03  8.875260e-01
5.970000e+03  9.097990e-01
5.990000e+03  9.282120e-01
6.010000e+03  9.437660e-01
6.030000e+03  9.564730e-01
6.050000e+03  9.668140e-01
6.070000e+03  9.753620e-01
6.090000e+03  9.822460e-01
6.110000e+03  9.875900e-01
6.130000e+03  9.918420e-01
6.150000e+03  9.950480e-01
6.170000e+03  9.974530e-01
6.190000e+03  9.990250e-01
6.210000e+03  9.998050e-01
6.230000e+03  1.000000e+00
6.250000e+03  9.998150e-01
6.270000e+03  9.989040e-01
6.290000e+03  9.978110e-01
6.310000e+03  9.961360e-01
6.330000e+03  9.944650e-01
6.350000e+03  9.923380e-01
6.370000e+03  9.903100e-01
6.390000e+03  9.879140e-01
6.410000e+03  9.857990e-01
6.430000e+03  9.837000e-01
6.450000e+03  9.814210e-01
6.470000e+03  9.793130e-01
6.490000e+03  9.774550e-01
6.510000e+03  9.758330e-01
6.530000e+03  9.740980e-01
6.550000e+03  9.725040e-01
6.570000e+03  9.709470e-01
6.590000e+03  9.695930e-01
6.610000e+03  9.677220e-01
6.630000e+03  9.657320e-01
6.650000e+03  9.639130e-01
6.670000e+03  9.615210e-01
6.690000e+03  9.587540e-01
6.710000e+03  9.558560e-01
6.730000e+03  9.526690e-01
6.750000e+03  9.490000e-01
6.770000e+03  9.450080e-01
6.790000e+03  9.409930e-01
6.810000e+03  9.366100e-01
6.830000e+03  9.324420e-01
6.850000e+03  9.284330e-01
6.870000e+03  9.244370e-01
6.890000e+03  9.209240e-01
6.910000e+03  9.173430e-01
6.930000e+03  9.139000e-01
6.950000e+03  9.099030e-01
6.970000e+03  9.048430e-01
6.990000e+03  8.974740e-01
7.010000e+03  8.859920e-01
7.030000e+03  8.683370e-01
7.050000e+03  8.408690e-01
7.070000e+03  7.998280e-01
7.090000e+03  7.389980e-01
7.110000e+03  6.514520e-01
7.130000e+03  5.276360e-01
7.150000e+03  3.586480e-01
7.170000e+03  1.886520e-01
7.190000e+03  6.777310e-02
7.210000e+03  2.456890e-02
7.230000e+03  1.054440e-02
7.250000e+03  4.989070e-03
7.270000e+03  3.071180e-03
7.290000e+03  1.854790e-03
7.310000e+03  1.337460e-03
7.330000e+03  8.676980e-04
7.350000e+03  8.335650e-04
7.370000e+03  8.558700e-04
7.390000e+03  8.616240e-04
7.410000e+03  8.556620e-04
7.430000e+03  9.311300e-04
7.450000e+03  7.069950e-04
7.470000e+03  8.147830e-04
7.490000e+03  7.912630e-04
7.510000e+03  7.555570e-04
7.530000e+03  7.249620e-04
7.550000e+03  8.951410e-04
7.570000e+03  9.707330e-04
7.590000e+03  1.003710e-03
7.610000e+03  1.165550e-03
7.630000e+03  1.109200e-03
7.650000e+03  9.396630e-04
7.670000e+03  9.082100e-04
7.690000e+03  9.230510e-04
7.710000e+03  9.235900e-04
7.730000e+03  8.190880e-04
7.750000e+03  7.591040e-04
7.770000e+03  8.554320e-04
7.790000e+03  7.596800e-04
7.810000e+03  7.331800e-04
7.830000e+03  7.792910e-04
7.850000e+03  9.030490e-04
7.870000e+03  7.633700e-04
7.890000e+03  8.175610e-04
7.910000e+03  8.307450e-04
7.930000e+03  6.980030e-04
7.950000e+03  9.143160e-04
7.970000e+03  7.819000e-04
7.990000e+03  8.195730e-04
8.010000e+03  8.666710e-04
8.030000e+03  9.283060e-04
8.050000e+03  1.055060e-03
8.070000e+03  7.892260e-04
8.090000e+03  7.697400e-04
8.110000e+03  9.003260e-04
8.130000e+03  9.183700e-04
8.150000e+03  9.129070e-04
8.170000e+03  1.129050e-03
8.190000e+03  1.104540e-03
8.210000e+03  8.266980e-04
8.230000e+03  8.744330e-04
8.250000e+03  1.005380e-03
8.270000e+03  9.207860e-04
8.290000e+03  8.733970e-04
8.310000e+03  8.632320e-04
8.330000e+03  9.372730e-04
8.350000e+03  8.456990e-04
8.370000e+03  7.642750e-04
8.390000e+03  8.388540e-04
8.410000e+03  8.022340e-04
8.430000e+03  9.316500e-04
8.450000e+03  1.026220e-03
8.470000e+03  7.132250e-04
8.490000e+03  7.492120e-04
8.510000e+03  7.475330e-04
8.530000e+03  9.181030e-04
8.550000e+03  8.761900e-04
8.570000e+03  1.049570e-03
8.590000e+03  1.081360e-03
8.610000e+03  8.543060e-04
8.630000e+03  9.831130e-04
8.650000e+03  9.072600e-04
8.670000e+03  8.510630e-04
8.690000e+03  9.371030e-04
8.710000e+03  8.922240e-04
8.730000e+03  1.054720e-03
8.750000e+03  8.658000e-04
8.770000e+03  8.488720e-04
8.790000e+03  8.633970e-04
8.810000e+03  8.705090e-04
8.830000e+03  1.128170e-03
8.850000e+03  1.202880e-03
8.870000e+03  1.103140e-03
8.890000e+03  1.121790e-03
8.910000e+03  1.073640e-03
8.930000e+03  9.966560e-04
8.950000e+03  1.159660e-03
8.970000e+03  1.071840e-03
8.990000e+03  1.116920e-03
9.010000e+03  1.515780e-03
9.030000e+03  1.414050e-03
9.050000e+03  1.235070e-03
9.070000e+03  1.059900e-03
9.090000e+03  1.197890e-03
9.110000e+03  1.266440e-03
9.130000e+03  1.063930e-03
9.150000e+03  1.193730e-03
9.170000e+03  1.298520e-03
9.190000e+03  1.393430e-03
9.210000e+03  1.235280e-03
9.230000e+03  1.281610e-03
9.250000e+03  1.241960e-03
9.270000e+03  1.448200e-03
9.290000e+03  1.501640e-03
9.310000e+03  1.600660e-03
9.330000e+03  1.686490e-03
9.350000e+03  1.793920e-03
9.370000e+03  1.753680e-03
9.390000e+03  1.632810e-03
9.410000e+03  1.683980e-03
9.430000e+03  1.630780e-03
9.450000e+03  1.642810e-03
9.470000e+03  1.416050e-03
9.490000e+03  1.536090e-03
9.510000e+03  1.472080e-03
9.530000e+03  1.609090e-03
9.550000e+03  2.044810e-03
9.570000e+03  2.018310e-03
9.590000e+03  1.724630e-03
9.610000e+03  1.829930e-03
9.630000e+03  1.713270e-03
9.650000e+03  1.652960e-03
9.670000e+03  1.287980e-03
9.690000e+03  1.445630e-03
9.710000e+03  1.413600e-03
9.730000e+03  1.450360e-03
9.750000e+03  1.405760e-03
9.770000e+03  1.613640e-03
9.790000e+03  1.750690e-03
9.810000e+03  1.718240e-03
9.830000e+03  1.456950e-03
9.850000e+03  1.552390e-03
9.870000e+03  1.789270e-03
9.890000e+03  1.574180e-03
9.910000e+03  1.532140e-03
9.930000e+03  1.340970e-03
9.950000e+03  1.393730e-03
9.970000e+03  1.590050e-03
9.990000e+03  0.000000e+00
1.001000e+04  0.000000e+00
