5.725000e+03  0.000000e+00
5.745000e+03  0.000000e+00
5.765000e+03  1.190770e-02
5.785000e+03  2.526350e-02
5.805000e+03  5.616930e-02
5.825000e+03  1.058560e-01
5.845000e+03  1.748380e-01
5.865000e+03  2.585270e-01
5.885000e+03  3.502400e-01
5.905000e+03  4.410400e-01
5.925000e+03  5.238010e-01
5.945000e+03  5.953340e-01
5.965000e+03  6.546960e-01
5.985000e+03  7.033540e-01
6.005000e+03  7.427930e-01
6.025000e+03  7.753720e-01
6.045000e+03  8.023410e-01
6.065000e+03  8.259070e-01
6.085000e+03  8.477130e-01
6.105000e+03  8.683330e-01
6.125000e+03  8.869560e-01
6.145000e+03  9.024800e-01
6.165000e+03  9.143720e-01
6.185000e+03  9.239260e-01
6.205000e+03  9.318080e-01
6.225000e+03  9.382430e-01
6.245000e+03  9.434160e-01
6.265000e+03  9.474040e-01
6.285000e+03  9.522170e-01
6.305000e+03  9.585240e-01
6.325000e+03  9.652420e-01
6.345000e+03  9.711340e-01
6.365000e+03  9.749410e-01
6.385000e+03  9.786560e-01
6.405000e+03  9.830440e-01
6.425000e+03  9.888560e-01
6.445000e+03  9.944010e-01
6.465000e+03  9.982060e-01
6.485000e+03  1.000000e+00
6.505000e+03  9.983720e-01
6.525000e+03  9.936300e-01
6.545000e+03  9.877950e-01
6.565000e+03  9.810970e-01
6.585000e+03  9.745260e-01
6.605000e+03  9.692240e-01
6.625000e+03  9.670080e-01
6.645000e+03  9.698800e-01
6.665000e+03  9.768130e-01
6.685000e+03  9.849200e-01
6.705000e+03  9.917440e-01
6.725000e+03  9.947250e-01
6.745000e+03  9.920220e-01
6.765000e+03  9.844510e-01
6.785000e+03  9.731760e-01
6.805000e+03  9.618290e-01
6.825000e+03  9.546630e-01
6.845000e+03  9.522050e-01
6.865000e+03  9.555010e-01
6.885000e+03  9.633610e-01
6.905000e+03  9.722610e-01
6.925000e+03  9.758850e-01
6.945000e+03  9.670940e-01
6.965000e+03  9.415990e-01
6.985000e+03  8.974930e-01
7.005000e+03  8.376690e-01
7.025000e+03  7.670700e-01
7.045000e+03  6.878860e-01
7.065000e+03  6.016050e-01
7.085000e+03  5.112270e-01
7.105000e+03  4.187650e-01
7.125000e+03  3.286610e-01
7.145000e+03  2.481430e-01
7.165000e+03  1.811680e-01
7.185000e+03  1.292400e-01
7.205000e+03  9.173420e-02
7.225000e+03  6.521810e-02
7.245000e+03  4.712610e-02
7.265000e+03  3.470440e-02
7.285000e+03  2.612870e-02
7.305000e+03  2.019130e-02
7.325000e+03  1.596550e-02
7.345000e+03  1.280900e-02
7.365000e+03  1.049860e-02
7.385000e+03  8.776190e-03
7.405000e+03  7.323200e-03
7.425000e+03  6.230320e-03
7.445000e+03  5.348580e-03
7.465000e+03  4.428950e-03
7.485000e+03  3.681540e-03
7.505000e+03  3.184110e-03
7.525000e+03  2.765090e-03
7.545000e+03  0.000000e+00
7.565000e+03  0.000000e+00
