5.525000e+03  0.000000e+00
5.545000e+03  0.000000e+00
5.565000e+03  1.603470e-02
5.585000e+03  3.389390e-02
5.605000e+03  7.492420e-02
5.625000e+03  1.383530e-01
5.645000e+03  2.193190e-01
5.665000e+03  3.089600e-01
5.685000e+03  3.969220e-01
5.705000e+03  4.837240e-01
5.725000e+03  5.711170e-01
5.745000e+03  6.489160e-01
5.765000e+03  7.079990e-01
5.785000e+03  7.449220e-01
5.805000e+03  7.656070e-01
5.825000e+03  7.803360e-01
5.845000e+03  7.981010e-01
5.865000e+03  8.245370e-01
5.885000e+03  8.588150e-01
5.905000e+03  8.939220e-01
5.925000e+03  9.242550e-01
5.945000e+03  9.445050e-01
5.965000e+03  9.534910e-01
5.985000e+03  9.563860e-01
6.005000e+03  9.591840e-01
6.025000e+03  9.643480e-01
6.045000e+03  9.713820e-01
6.065000e+03  9.767570e-01
6.085000e+03  9.760820e-01
6.105000e+03  9.670110e-01
6.125000e+03  9.532630e-01
6.145000e+03  9.383350e-01
6.165000e+03  9.294290e-01
6.185000e+03  9.287430e-01
6.205000e+03  9.387290e-01
6.225000e+03  9.557560e-01
6.245000e+03  9.748840e-01
6.265000e+03  9.903930e-01
6.285000e+03  9.991450e-01
6.305000e+03  1.000000e+00
6.325000e+03  9.953730e-01
6.345000e+03  9.893850e-01
6.365000e+03  9.841330e-01
6.385000e+03  9.814650e-01
6.405000e+03  9.808950e-01
6.425000e+03  9.803700e-01
6.445000e+03  9.776850e-01
6.465000e+03  9.724770e-01
6.485000e+03  9.647660e-01
6.505000e+03  9.557620e-01
6.525000e+03  9.467810e-01
6.545000e+03  9.419190e-01
6.565000e+03  9.418920e-01
6.585000e+03  9.472060e-01
6.605000e+03  9.556120e-01
6.625000e+03  9.649470e-01
6.645000e+03  9.725510e-01
6.665000e+03  9.758930e-01
6.685000e+03  9.755210e-01
6.705000e+03  9.713050e-01
6.725000e+03  9.652510e-01
6.745000e+03  9.588180e-01
6.765000e+03  9.525750e-01
6.785000e+03  9.483380e-01
6.805000e+03  9.449900e-01
6.825000e+03  9.430810e-01
6.845000e+03  9.410520e-01
6.865000e+03  9.390890e-01
6.885000e+03  9.356950e-01
6.905000e+03  9.318980e-01
6.925000e+03  9.269020e-01
6.945000e+03  9.217630e-01
6.965000e+03  9.168150e-01
6.985000e+03  9.119510e-01
7.005000e+03  9.067130e-01
7.025000e+03  9.010630e-01
7.045000e+03  8.954270e-01
7.065000e+03  8.886390e-01
7.085000e+03  8.815610e-01
7.105000e+03  8.742630e-01
7.125000e+03  8.666500e-01
7.145000e+03  8.588440e-01
7.165000e+03  8.492890e-01
7.185000e+03  8.373880e-01
7.205000e+03  8.199370e-01
7.225000e+03  7.925860e-01
7.245000e+03  7.504880e-01
7.265000e+03  6.902640e-01
7.285000e+03  6.130860e-01
7.305000e+03  5.259430e-01
7.325000e+03  4.364430e-01
7.345000e+03  3.531790e-01
7.365000e+03  2.785990e-01
7.385000e+03  2.164990e-01
7.405000e+03  1.679100e-01
7.425000e+03  1.305920e-01
7.445000e+03  1.001700e-01
7.465000e+03  7.668700e-02
7.485000e+03  5.887770e-02
7.505000e+03  4.552460e-02
7.525000e+03  3.553780e-02
7.545000e+03  2.800290e-02
7.565000e+03  2.230270e-02
7.585000e+03  1.784420e-02
7.605000e+03  1.442090e-02
7.625000e+03  1.182130e-02
7.645000e+03  9.767300e-03
7.665000e+03  8.072400e-03
7.685000e+03  6.695580e-03
7.705000e+03  5.598290e-03
7.725000e+03  4.714220e-03
7.745000e+03  3.992020e-03
7.765000e+03  3.408570e-03
7.785000e+03  2.924270e-03
7.805000e+03  2.515100e-03
7.825000e+03  2.163680e-03
7.845000e+03  1.886150e-03
7.865000e+03  1.645210e-03
7.885000e+03  1.433890e-03
7.905000e+03  1.265230e-03
7.925000e+03  1.126020e-03
7.945000e+03  1.004890e-03
7.965000e+03  9.007270e-04
7.985000e+03  8.692490e-04
8.005000e+03  8.653120e-04
8.025000e+03  8.361880e-04
8.045000e+03  7.818750e-04
8.065000e+03  7.275620e-04
8.085000e+03  6.838480e-04
8.105000e+03  6.507340e-04
8.125000e+03  6.176190e-04
8.145000e+03  5.845050e-04
8.165000e+03  5.513910e-04
8.185000e+03  5.208820e-04
8.205000e+03  4.967400e-04
8.225000e+03  4.728880e-04
8.245000e+03  4.490360e-04
8.265000e+03  4.251840e-04
8.285000e+03  4.013320e-04
8.305000e+03  3.834430e-04
8.325000e+03  0.000000e+00
8.345000e+03  0.000000e+00
