5.400000e+03  0.000000e+00
5.420000e+03  0.000000e+00
5.440000e+03  2.280370e-02
5.460000e+03  4.793180e-02
5.480000e+03  1.015120e-01
5.500000e+03  1.764690e-01
5.520000e+03  2.633150e-01
5.540000e+03  3.511920e-01
5.560000e+03  4.320540e-01
5.580000e+03  5.059140e-01
5.600000e+03  5.694610e-01
5.620000e+03  6.251030e-01
5.640000e+03  6.675910e-01
5.660000e+03  7.009770e-01
5.680000e+03  7.301380e-01
5.700000e+03  7.522670e-01
5.720000e+03  7.713040e-01
5.740000e+03  7.956640e-01
5.760000e+03  8.176240e-01
5.780000e+03  8.326180e-01
5.800000e+03  8.464730e-01
5.820000e+03  8.563650e-01
5.840000e+03  8.603110e-01
5.860000e+03  8.628740e-01
5.880000e+03  8.687970e-01
5.900000e+03  8.778910e-01
5.920000e+03  8.855630e-01
5.940000e+03  8.931610e-01
5.960000e+03  8.992890e-01
5.980000e+03  9.036010e-01
6.000000e+03  9.043650e-01
6.020000e+03  9.070100e-01
6.040000e+03  9.092220e-01
6.060000e+03  9.070400e-01
6.080000e+03  8.994560e-01
6.100000e+03  8.885640e-01
6.120000e+03  8.777410e-01
6.140000e+03  8.711810e-01
6.160000e+03  8.704660e-01
6.180000e+03  8.762360e-01
6.200000e+03  8.892360e-01
6.220000e+03  9.068330e-01
6.240000e+03  9.269560e-01
6.260000e+03  9.451870e-01
6.280000e+03  9.586520e-01
6.300000e+03  9.682960e-01
6.320000e+03  9.750890e-01
6.340000e+03  9.807700e-01
6.360000e+03  9.851640e-01
6.380000e+03  9.879310e-01
6.400000e+03  9.897310e-01
6.420000e+03  9.897150e-01
6.440000e+03  9.899720e-01
6.460000e+03  9.907700e-01
6.480000e+03  9.931210e-01
6.500000e+03  9.959570e-01
6.520000e+03  9.968780e-01
6.540000e+03  9.982540e-01
6.560000e+03  9.991600e-01
6.580000e+03  9.998050e-01
6.600000e+03  1.000000e+00
6.620000e+03  9.986370e-01
6.640000e+03  9.973000e-01
6.660000e+03  9.962090e-01
6.680000e+03  9.949100e-01
6.700000e+03  9.930600e-01
6.720000e+03  9.911180e-01
6.740000e+03  9.902330e-01
6.760000e+03  9.889420e-01
6.780000e+03  9.828290e-01
6.800000e+03  9.670970e-01
6.820000e+03  9.409120e-01
6.840000e+03  8.922510e-01
6.860000e+03  8.345060e-01
6.880000e+03  7.734470e-01
6.900000e+03  7.161270e-01
6.920000e+03  6.479790e-01
6.940000e+03  5.644130e-01
6.960000e+03  4.706930e-01
6.980000e+03  3.757040e-01
7.000000e+03  2.845290e-01
7.020000e+03  2.079330e-01
7.040000e+03  1.489450e-01
7.060000e+03  1.058470e-01
7.080000e+03  7.545550e-02
7.100000e+03  5.433360e-02
7.120000e+03  3.964740e-02
7.140000e+03  2.917780e-02
7.160000e+03  2.122030e-02
7.180000e+03  1.574750e-02
7.200000e+03  0.000000e+00
7.220000e+03  0.000000e+00
