4.810000e+03  0.000000e+00
4.830000e+03  0.000000e+00
4.850000e+03  2.439090e-03
4.870000e+03  2.430660e-03
4.890000e+03  2.364670e-03
4.910000e+03  2.334360e-03
4.930000e+03  2.286890e-03
4.950000e+03  2.270480e-03
4.970000e+03  2.246790e-03
4.990000e+03  2.243370e-03
5.010000e+03  2.233820e-03
5.030000e+03  2.200230e-03
5.050000e+03  2.170640e-03
5.070000e+03  2.135330e-03
5.090000e+03  2.100600e-03
5.110000e+03  2.092410e-03
5.130000e+03  2.051610e-03
5.150000e+03  2.013520e-03
5.170000e+03  2.027020e-03
5.190000e+03  1.987160e-03
5.210000e+03  1.975980e-03
5.230000e+03  1.991110e-03
5.250000e+03  1.980740e-03
5.270000e+03  1.982960e-03
5.290000e+03  1.980660e-03
5.310000e+03  1.952400e-03
5.330000e+03  1.956250e-03
5.350000e+03  1.970710e-03
5.370000e+03  1.977120e-03
5.390000e+03  1.965970e-03
5.410000e+03  1.989760e-03
5.430000e+03  1.984940e-03
5.450000e+03  2.003940e-03
5.470000e+03  2.017130e-03
5.490000e+03  2.052520e-03
5.510000e+03  2.054630e-03
5.530000e+03  2.094410e-03
5.550000e+03  2.117820e-03
5.570000e+03  2.149710e-03
5.590000e+03  2.196060e-03
5.610000e+03  2.232350e-03
5.630000e+03  2.261480e-03
5.650000e+03  2.302110e-03
5.670000e+03  2.368370e-03
5.690000e+03  2.424150e-03
5.710000e+03  2.486030e-03
5.730000e+03  2.551420e-03
5.750000e+03  2.646910e-03
5.770000e+03  2.739700e-03
5.790000e+03  2.833730e-03
5.810000e+03  2.956210e-03
5.830000e+03  3.083430e-03
5.850000e+03  3.208720e-03
5.870000e+03  3.371370e-03
5.890000e+03  3.481000e-03
5.910000e+03  3.718970e-03
5.930000e+03  3.947490e-03
5.950000e+03  4.227950e-03
5.970000e+03  4.599510e-03
5.990000e+03  5.514450e-03
6.010000e+03  9.067590e-03
6.030000e+03  2.089440e-02
6.050000e+03  4.959030e-02
6.070000e+03  1.020590e-01
6.090000e+03  1.781610e-01
6.110000e+03  2.701740e-01
6.130000e+03  3.683810e-01
6.150000e+03  4.647820e-01
6.170000e+03  5.530900e-01
6.190000e+03  6.318300e-01
6.210000e+03  6.987970e-01
6.230000e+03  7.542500e-01
6.250000e+03  7.995950e-01
6.270000e+03  8.356450e-01
6.290000e+03  8.663510e-01
6.310000e+03  8.919760e-01
6.330000e+03  9.133710e-01
6.350000e+03  9.314670e-01
6.370000e+03  9.446810e-01
6.390000e+03  9.544850e-01
6.410000e+03  9.607220e-01
6.430000e+03  9.648890e-01
6.450000e+03  9.686290e-01
6.470000e+03  9.722050e-01
6.490000e+03  9.768820e-01
6.510000e+03  9.813210e-01
6.530000e+03  9.848800e-01
6.550000e+03  9.867530e-01
6.570000e+03  9.891890e-01
6.590000e+03  9.904540e-01
6.610000e+03  9.913860e-01
6.630000e+03  9.938200e-01
6.650000e+03  9.945160e-01
6.670000e+03  9.947640e-01
6.690000e+03  9.930680e-01
6.710000e+03  9.893220e-01
6.730000e+03  9.843990e-01
6.750000e+03  9.805660e-01
6.770000e+03  9.779210e-01
6.790000e+03  9.789060e-01
6.810000e+03  9.831360e-01
6.830000e+03  9.797300e-01
6.850000e+03  9.650950e-01
6.870000e+03  9.487630e-01
6.890000e+03  9.449140e-01
6.910000e+03  9.529170e-01
6.930000e+03  9.590920e-01
6.950000e+03  9.647690e-01
6.970000e+03  9.722040e-01
6.990000e+03  9.780310e-01
7.010000e+03  9.809150e-01
7.030000e+03  9.866810e-01
7.050000e+03  9.927040e-01
7.070000e+03  9.975530e-01
7.090000e+03  9.996370e-01
7.110000e+03  1.000000e+00
7.130000e+03  9.990670e-01
7.150000e+03  9.798610e-01
7.170000e+03  9.450120e-01
7.190000e+03  9.343280e-01
7.210000e+03  9.484130e-01
7.230000e+03  9.547600e-01
7.250000e+03  9.529270e-01
7.270000e+03  9.489240e-01
7.290000e+03  9.408060e-01
7.310000e+03  9.356030e-01
7.330000e+03  9.320050e-01
7.350000e+03  9.253420e-01
7.370000e+03  9.264020e-01
7.390000e+03  9.123660e-01
7.410000e+03  7.513180e-01
7.430000e+03  4.126620e-01
7.450000e+03  1.662400e-01
7.470000e+03  7.089600e-02
7.490000e+03  3.827420e-02
7.510000e+03  2.563190e-02
7.530000e+03  1.980470e-02
7.550000e+03  1.658730e-02
7.570000e+03  1.444890e-02
7.590000e+03  1.130470e-02
7.610000e+03  7.857520e-03
7.630000e+03  7.990280e-03
7.650000e+03  8.467930e-03
7.670000e+03  9.394650e-03
7.690000e+03  9.732470e-03
7.710000e+03  9.372680e-03
7.730000e+03  9.064730e-03
7.750000e+03  8.886830e-03
7.770000e+03  8.727840e-03
7.790000e+03  8.556790e-03
7.810000e+03  8.486930e-03
7.830000e+03  8.352680e-03
7.850000e+03  8.283730e-03
7.870000e+03  8.176060e-03
7.890000e+03  8.183390e-03
7.910000e+03  8.213010e-03
7.930000e+03  8.205990e-03
7.950000e+03  8.165520e-03
7.970000e+03  8.047930e-03
7.990000e+03  8.110110e-03
8.010000e+03  8.133520e-03
8.030000e+03  8.182330e-03
8.050000e+03  8.169030e-03
8.070000e+03  8.180560e-03
8.090000e+03  8.210530e-03
8.110000e+03  8.167440e-03
8.130000e+03  8.013050e-03
8.150000e+03  7.991800e-03
8.170000e+03  7.947770e-03
8.190000e+03  8.083740e-03
8.210000e+03  7.986360e-03
8.230000e+03  7.999240e-03
8.250000e+03  7.968860e-03
8.270000e+03  7.872660e-03
8.290000e+03  7.896210e-03
8.310000e+03  7.908020e-03
8.330000e+03  7.997860e-03
8.350000e+03  8.243700e-03
8.370000e+03  8.263810e-03
8.390000e+03  8.247060e-03
8.410000e+03  8.297070e-03
8.430000e+03  8.187100e-03
8.450000e+03  8.250750e-03
8.470000e+03  8.147550e-03
8.490000e+03  8.110550e-03
8.510000e+03  8.058590e-03
8.530000e+03  8.005520e-03
8.550000e+03  7.836580e-03
8.570000e+03  7.884190e-03
8.590000e+03  8.023350e-03
8.610000e+03  8.048310e-03
8.630000e+03  7.953400e-03
8.650000e+03  8.091210e-03
8.670000e+03  8.091170e-03
8.690000e+03  8.195710e-03
8.710000e+03  8.203990e-03
8.730000e+03  8.280130e-03
8.750000e+03  8.316560e-03
8.770000e+03  8.235420e-03
8.790000e+03  8.239980e-03
8.810000e+03  8.153290e-03
8.830000e+03  8.362500e-03
8.850000e+03  8.218330e-03
8.870000e+03  8.272680e-03
8.890000e+03  8.408670e-03
8.910000e+03  8.424060e-03
8.930000e+03  8.510900e-03
8.950000e+03  8.526900e-03
8.970000e+03  8.262870e-03
8.990000e+03  8.077300e-03
9.010000e+03  8.228790e-03
9.030000e+03  8.505620e-03
9.050000e+03  9.192840e-03
9.070000e+03  9.284760e-03
9.090000e+03  9.150800e-03
9.110000e+03  9.547140e-03
9.130000e+03  9.894610e-03
9.150000e+03  1.000360e-02
9.170000e+03  1.034490e-02
9.190000e+03  1.082760e-02
9.210000e+03  1.175580e-02
9.230000e+03  1.205940e-02
9.250000e+03  1.229320e-02
9.270000e+03  1.288840e-02
9.290000e+03  1.269780e-02
9.310000e+03  1.183460e-02
9.330000e+03  1.032730e-02
9.350000e+03  9.369360e-03
9.370000e+03  9.945730e-03
9.390000e+03  1.093270e-02
9.410000e+03  1.412440e-02
9.430000e+03  1.376080e-02
9.450000e+03  1.280120e-02
9.470000e+03  1.366630e-02
9.490000e+03  1.492120e-02
9.510000e+03  1.456240e-02
9.530000e+03  1.586620e-02
9.550000e+03  1.734840e-02
9.570000e+03  1.774250e-02
9.590000e+03  1.934620e-02
9.610000e+03  2.010310e-02
9.630000e+03  2.207400e-02
9.650000e+03  2.305720e-02
9.670000e+03  2.486780e-02
9.690000e+03  2.658930e-02
9.710000e+03  2.862270e-02
9.730000e+03  2.952060e-02
9.750000e+03  2.976080e-02
9.770000e+03  3.035370e-02
9.790000e+03  3.234740e-02
9.810000e+03  0.000000e+00
9.830000e+03  0.000000e+00
