3.240000e+03  0.000000e+00
3.250000e+03  0.000000e+00
3.260000e+03  1.653520e-03
3.270000e+03  2.285940e-03
3.280000e+03  3.402830e-03
3.290000e+03  4.979540e-03
3.300000e+03  7.236310e-03
3.310000e+03  1.024050e-02
3.320000e+03  1.435790e-02
3.330000e+03  1.969320e-02
3.340000e+03  2.596880e-02
3.350000e+03  3.294630e-02
3.360000e+03  4.087720e-02
3.370000e+03  5.051730e-02
3.380000e+03  6.293210e-02
3.390000e+03  7.855700e-02
3.400000e+03  9.639770e-02
3.410000e+03  1.155260e-01
3.420000e+03  1.355510e-01
3.430000e+03  1.563390e-01
3.440000e+03  1.785210e-01
3.450000e+03  2.024930e-01
3.460000e+03  2.289570e-01
3.470000e+03  2.573430e-01
3.480000e+03  2.872960e-01
3.490000e+03  3.191890e-01
3.500000e+03  3.537210e-01
3.510000e+03  3.889420e-01
3.520000e+03  4.255670e-01
3.530000e+03  4.622950e-01
3.540000e+03  4.977090e-01
3.550000e+03  5.299500e-01
3.560000e+03  5.593470e-01
3.570000e+03  5.890280e-01
3.580000e+03  6.228920e-01
3.590000e+03  6.631830e-01
3.600000e+03  7.079520e-01
3.610000e+03  7.505540e-01
3.620000e+03  7.873330e-01
3.630000e+03  8.145880e-01
3.640000e+03  8.330630e-01
3.650000e+03  8.470270e-01
3.660000e+03  8.628290e-01
3.670000e+03  8.855880e-01
3.680000e+03  9.167540e-01
3.690000e+03  9.521660e-01
3.700000e+03  9.833910e-01
3.710000e+03  1.000000e+00
3.720000e+03  9.993050e-01
3.730000e+03  9.836680e-01
3.740000e+03  9.614220e-01
3.750000e+03  9.384030e-01
3.760000e+03  9.189750e-01
3.770000e+03  9.062200e-01
3.780000e+03  8.970180e-01
3.790000e+03  8.837290e-01
3.800000e+03  8.568090e-01
3.810000e+03  8.101200e-01
3.820000e+03  7.454010e-01
3.830000e+03  6.694560e-01
3.840000e+03  5.904050e-01
3.850000e+03  5.169920e-01
3.860000e+03  4.516600e-01
3.870000e+03  3.951160e-01
3.880000e+03  3.457730e-01
3.890000e+03  3.008740e-01
3.900000e+03  2.578590e-01
3.910000e+03  2.156600e-01
3.920000e+03  1.746540e-01
3.930000e+03  1.364920e-01
3.940000e+03  1.031220e-01
3.950000e+03  7.627840e-02
3.960000e+03  5.561620e-02
3.970000e+03  3.927240e-02
3.980000e+03  2.692110e-02
3.990000e+03  1.795840e-02
4.000000e+03  1.166320e-02
4.010000e+03  8.163030e-03
4.020000e+03  0.000000e+00
4.030000e+03  0.000000e+00
