3.050000e+03  0.000000e+00
3.060000e+03  0.000000e+00
3.070000e+03  3.883940e-03
3.080000e+03  5.759270e-03
3.090000e+03  9.103530e-03
3.100000e+03  1.375550e-02
3.110000e+03  1.985840e-02
3.120000e+03  2.856680e-02
3.130000e+03  3.972450e-02
3.140000e+03  5.169020e-02
3.150000e+03  6.835470e-02
3.160000e+03  8.782060e-02
3.170000e+03  1.097390e-01
3.180000e+03  1.344600e-01
3.190000e+03  1.587380e-01
3.200000e+03  1.878920e-01
3.210000e+03  2.187430e-01
3.220000e+03  2.478960e-01
3.230000e+03  2.775990e-01
3.240000e+03  3.117340e-01
3.250000e+03  3.429500e-01
3.260000e+03  3.735580e-01
3.270000e+03  4.068780e-01
3.280000e+03  4.414530e-01
3.290000e+03  4.673240e-01
3.300000e+03  4.971380e-01
3.310000e+03  5.296560e-01
3.320000e+03  5.576890e-01
3.330000e+03  5.841470e-01
3.340000e+03  6.064150e-01
3.350000e+03  6.358070e-01
3.360000e+03  6.601460e-01
3.370000e+03  6.791800e-01
3.380000e+03  7.016680e-01
3.390000e+03  7.181540e-01
3.400000e+03  7.386210e-01
3.410000e+03  7.546180e-01
3.420000e+03  7.712840e-01
3.430000e+03  7.853540e-01
3.440000e+03  8.002830e-01
3.450000e+03  8.182790e-01
3.460000e+03  8.319710e-01
3.470000e+03  8.517050e-01
3.480000e+03  8.670690e-01
3.490000e+03  8.873360e-01
3.500000e+03  8.992480e-01
3.510000e+03  9.129980e-01
3.520000e+03  9.202400e-01
3.530000e+03  9.324650e-01
3.540000e+03  9.405240e-01
3.550000e+03  9.532330e-01
3.560000e+03  9.557210e-01
3.570000e+03  9.625330e-01
3.580000e+03  9.708850e-01
3.590000e+03  9.760320e-01
3.600000e+03  9.817260e-01
3.610000e+03  9.878140e-01
3.620000e+03  9.916340e-01
3.630000e+03  9.919480e-01
3.640000e+03  9.930040e-01
3.650000e+03  9.951640e-01
3.660000e+03  9.944100e-01
3.670000e+03  1.000000e+00
3.680000e+03  9.983660e-01
3.690000e+03  9.890890e-01
3.700000e+03  9.849720e-01
3.710000e+03  9.806130e-01
3.720000e+03  9.731170e-01
3.730000e+03  9.679990e-01
3.740000e+03  9.462290e-01
3.750000e+03  9.315360e-01
3.760000e+03  9.226110e-01
3.770000e+03  8.997450e-01
3.780000e+03  8.806580e-01
3.790000e+03  8.631500e-01
3.800000e+03  8.339860e-01
3.810000e+03  8.123010e-01
3.820000e+03  7.807790e-01
3.830000e+03  7.480050e-01
3.840000e+03  7.190720e-01
3.850000e+03  6.799790e-01
3.860000e+03  6.414400e-01
3.870000e+03  6.052030e-01
3.880000e+03  5.606070e-01
3.890000e+03  5.178690e-01
3.900000e+03  4.746890e-01
3.910000e+03  4.289380e-01
3.920000e+03  3.871760e-01
3.930000e+03  3.466100e-01
3.940000e+03  3.056540e-01
3.950000e+03  2.663770e-01
3.960000e+03  2.316580e-01
3.970000e+03  1.990420e-01
3.980000e+03  1.675220e-01
3.990000e+03  1.389990e-01
4.000000e+03  1.140940e-01
4.010000e+03  9.246100e-02
4.020000e+03  7.474150e-02
4.030000e+03  5.821460e-02
4.040000e+03  4.627290e-02
4.050000e+03  3.586760e-02
4.060000e+03  2.753410e-02
4.070000e+03  2.087350e-02
4.080000e+03  1.554410e-02
4.090000e+03  1.148760e-02
4.100000e+03  8.259440e-03
4.110000e+03  5.818400e-03
4.120000e+03  4.361720e-03
4.130000e+03  3.181470e-03
4.140000e+03  2.220650e-03
4.150000e+03  1.482760e-03
4.160000e+03  1.306500e-03
4.170000e+03  8.191660e-04
4.180000e+03  6.186970e-04
4.190000e+03  3.404600e-04
4.200000e+03  5.184750e-06
4.210000e+03  2.764110e-04
4.220000e+03  1.105180e-04
4.230000e+03  1.656970e-04
4.240000e+03  9.662540e-05
4.250000e+03  0.000000e+00
4.260000e+03  0.000000e+00
