3.090000e+03  0.000000e+00
3.100000e+03  0.000000e+00
3.110000e+03  4.189580e-03
3.120000e+03  4.952570e-03
3.130000e+03  6.145170e-03
3.140000e+03  7.583150e-03
3.150000e+03  9.349050e-03
3.160000e+03  1.166600e-02
3.170000e+03  1.422560e-02
3.180000e+03  1.720710e-02
3.190000e+03  2.072410e-02
3.200000e+03  2.461060e-02
3.210000e+03  2.744290e-02
3.220000e+03  3.018690e-02
3.230000e+03  3.307270e-02
3.240000e+03  3.613900e-02
3.250000e+03  3.939270e-02
3.260000e+03  4.259420e-02
3.270000e+03  4.592290e-02
3.280000e+03  4.954500e-02
3.290000e+03  5.341320e-02
3.300000e+03  5.735560e-02
3.310000e+03  6.064100e-02
3.320000e+03  6.392490e-02
3.330000e+03  6.728590e-02
3.340000e+03  7.077520e-02
3.350000e+03  7.433430e-02
3.360000e+03  7.801160e-02
3.370000e+03  8.169970e-02
3.380000e+03  8.552120e-02
3.390000e+03  8.951450e-02
3.400000e+03  9.357450e-02
3.410000e+03  9.715420e-02
3.420000e+03  1.007480e-01
3.430000e+03  1.044610e-01
3.440000e+03  1.082990e-01
3.450000e+03  1.123460e-01
3.460000e+03  1.170230e-01
3.470000e+03  1.219540e-01
3.480000e+03  1.270680e-01
3.490000e+03  1.323670e-01
3.500000e+03  1.382230e-01
3.510000e+03  1.477100e-01
3.520000e+03  1.651690e-01
3.530000e+03  1.848630e-01
3.540000e+03  2.085200e-01
3.550000e+03  2.233150e-01
3.560000e+03  2.432240e-01
3.570000e+03  2.647640e-01
3.580000e+03  2.854780e-01
3.590000e+03  2.994630e-01
3.600000e+03  3.130610e-01
3.610000e+03  3.360840e-01
3.620000e+03  3.580980e-01
3.630000e+03  3.812420e-01
3.640000e+03  4.052410e-01
3.650000e+03  4.331680e-01
3.660000e+03  4.591680e-01
3.670000e+03  4.823730e-01
3.680000e+03  5.122240e-01
3.690000e+03  5.497760e-01
3.700000e+03  6.024410e-01
3.710000e+03  6.000390e-01
3.720000e+03  6.143980e-01
3.730000e+03  6.352080e-01
3.740000e+03  6.576910e-01
3.750000e+03  6.832360e-01
3.760000e+03  7.145840e-01
3.770000e+03  7.475970e-01
3.780000e+03  7.758200e-01
3.790000e+03  8.043930e-01
3.800000e+03  8.283240e-01
3.810000e+03  8.501250e-01
3.820000e+03  8.740530e-01
3.830000e+03  8.970550e-01
3.840000e+03  9.206800e-01
3.850000e+03  9.383830e-01
3.860000e+03  9.530280e-01
3.870000e+03  9.632730e-01
3.880000e+03  9.731340e-01
3.890000e+03  9.727890e-01
3.900000e+03  9.692630e-01
3.910000e+03  9.728350e-01
3.920000e+03  1.000000e+00
3.930000e+03  9.862030e-01
3.940000e+03  7.415110e-01
3.950000e+03  3.608140e-01
3.960000e+03  1.339780e-01
3.970000e+03  5.407880e-02
3.980000e+03  2.634710e-02
3.990000e+03  1.720960e-02
4.000000e+03  1.298880e-02
4.010000e+03  1.337420e-02
4.020000e+03  1.218450e-02
4.030000e+03  1.160090e-02
4.040000e+03  1.276200e-02
4.050000e+03  1.069360e-02
4.060000e+03  1.007810e-02
4.070000e+03  9.630010e-03
4.080000e+03  9.672640e-03
4.090000e+03  0.000000e+00
4.100000e+03  0.000000e+00
