2.960000e+03  0.000000e+00
2.980000e+03  0.000000e+00
3.000000e+03  8.196930e-08
3.020000e+03  1.877670e-11
3.040000e+03  3.369530e-11
3.060000e+03  4.747550e-11
3.080000e+03  6.055810e-11
3.100000e+03  7.315100e-11
3.120000e+03  8.536310e-11
3.140000e+03  9.727120e-11
3.160000e+03  1.119350e-10
3.180000e+03  6.869780e-05
3.200000e+03  2.055050e-04
3.220000e+03  4.012380e-04
3.240000e+03  8.326750e-04
3.260000e+03  2.025600e-03
3.280000e+03  5.743840e-03
3.300000e+03  1.740180e-02
3.320000e+03  4.428670e-02
3.340000e+03  8.255780e-02
3.360000e+03  1.323820e-01
3.380000e+03  1.873040e-01
3.400000e+03  2.404970e-01
3.420000e+03  2.854190e-01
3.440000e+03  3.241930e-01
3.460000e+03  3.626700e-01
3.480000e+03  4.045150e-01
3.500000e+03  4.509920e-01
3.520000e+03  4.944530e-01
3.540000e+03  5.338510e-01
3.560000e+03  5.621780e-01
3.580000e+03  5.833170e-01
3.600000e+03  6.024710e-01
3.620000e+03  6.196670e-01
3.640000e+03  6.319930e-01
3.660000e+03  6.386460e-01
3.680000e+03  6.343820e-01
3.700000e+03  6.210750e-01
3.720000e+03  6.057810e-01
3.740000e+03  5.981260e-01
3.760000e+03  6.079870e-01
3.780000e+03  6.400440e-01
3.800000e+03  6.900280e-01
3.820000e+03  7.522450e-01
3.840000e+03  8.118940e-01
3.860000e+03  8.567980e-01
3.880000e+03  8.821720e-01
3.900000e+03  8.919640e-01
3.920000e+03  8.990350e-01
3.940000e+03  9.131990e-01
3.960000e+03  9.391870e-01
3.980000e+03  9.713780e-01
4.000000e+03  9.936920e-01
4.020000e+03  1.000000e+00
4.040000e+03  9.835600e-01
4.060000e+03  9.360290e-01
4.080000e+03  8.498400e-01
4.100000e+03  7.271270e-01
4.120000e+03  5.777750e-01
4.140000e+03  4.230780e-01
4.160000e+03  2.846780e-01
4.180000e+03  1.775220e-01
4.200000e+03  1.052650e-01
4.220000e+03  6.136140e-02
4.240000e+03  3.661190e-02
4.260000e+03  2.288240e-02
4.280000e+03  1.496680e-02
4.300000e+03  1.027790e-02
4.320000e+03  7.400530e-03
4.340000e+03  5.491790e-03
4.360000e+03  4.319760e-03
4.380000e+03  3.515550e-03
4.400000e+03  2.925770e-03
4.420000e+03  2.524540e-03
4.440000e+03  2.200730e-03
4.460000e+03  1.937360e-03
4.480000e+03  1.668830e-03
4.500000e+03  1.429120e-03
4.520000e+03  1.184100e-03
4.540000e+03  9.499550e-04
4.560000e+03  7.633790e-04
4.580000e+03  6.099550e-04
4.600000e+03  5.426620e-04
4.620000e+03  4.745440e-04
4.640000e+03  4.587560e-04
4.660000e+03  4.605310e-04
4.680000e+03  4.623070e-04
4.700000e+03  4.641350e-04
4.720000e+03  4.836460e-04
4.740000e+03  5.212620e-04
4.760000e+03  5.591230e-04
4.780000e+03  6.153240e-04
4.800000e+03  6.719110e-04
4.820000e+03  7.287520e-04
4.840000e+03  8.407960e-04
4.860000e+03  1.008580e-03
4.880000e+03  1.287800e-03
4.900000e+03  1.808780e-03
4.920000e+03  2.628140e-03
4.940000e+03  4.027300e-03
4.960000e+03  6.048370e-03
4.980000e+03  8.864330e-03
5.000000e+03  1.220090e-02
5.020000e+03  1.561980e-02
5.040000e+03  1.854020e-02
5.060000e+03  2.024760e-02
5.080000e+03  2.028320e-02
5.100000e+03  1.873300e-02
5.120000e+03  1.604160e-02
5.140000e+03  1.282920e-02
5.160000e+03  9.700400e-03
5.180000e+03  6.998010e-03
5.200000e+03  4.857620e-03
5.220000e+03  3.339480e-03
5.240000e+03  2.389520e-03
5.260000e+03  1.876630e-03
5.280000e+03  1.724300e-03
5.300000e+03  1.761950e-03
5.320000e+03  1.951230e-03
5.340000e+03  2.159130e-03
5.360000e+03  2.309300e-03
5.380000e+03  2.363790e-03
5.400000e+03  2.303880e-03
5.420000e+03  2.167230e-03
5.440000e+03  2.087910e-03
5.460000e+03  2.046770e-03
5.480000e+03  2.157080e-03
5.500000e+03  2.512630e-03
5.520000e+03  3.017970e-03
5.540000e+03  3.653560e-03
5.560000e+03  0.000000e+00
5.580000e+03  0.000000e+00
