1.134000e+04  0.000000e+00
1.141000e+04  0.000000e+00
1.148000e+04  3.733950e-03
1.155000e+04  6.227690e-03
1.162000e+04  8.160290e-03
1.169000e+04  6.732230e-03
1.176000e+04  5.307730e-03
1.183000e+04  5.859550e-03
1.190000e+04  8.306460e-03
1.197000e+04  6.724080e-03
1.204000e+04  2.056720e-03
1.211000e+04  4.373720e-04
1.218000e+04  1.142560e-04
1.225000e+04  5.128150e-05
1.232000e+04  2.972480e-05
1.239000e+04  1.141310e-05
1.246000e+04  3.999580e-06
1.253000e+04  3.919270e-06
1.260000e+04  1.486970e-06
1.267000e+04  1.037880e-05
1.274000e+04  5.393550e-06
1.281000e+04  3.718150e-08
1.288000e+04  1.302690e-05
1.295000e+04  1.861810e-07
1.302000e+04  2.017820e-06
1.309000e+04  6.071430e-06
1.316000e+04  2.127070e-06
1.323000e+04  7.301640e-06
1.330000e+04  1.553100e-06
1.337000e+04  4.855930e-06
1.344000e+04  3.887550e-07
1.351000e+04  1.076210e-07
1.358000e+04  1.031050e-06
1.365000e+04  2.579430e-07
1.372000e+04  1.087910e-06
1.379000e+04  2.010530e-08
1.386000e+04  1.904770e-06
1.393000e+04  2.197120e-06
1.400000e+04  1.752390e-06
1.407000e+04  1.376850e-06
1.414000e+04  2.340290e-06
1.421000e+04  4.737390e-07
1.428000e+04  3.657120e-06
1.435000e+04  9.926710e-06
1.442000e+04  2.537270e-06
1.449000e+04  2.636230e-06
1.456000e+04  1.902900e-06
1.463000e+04  1.076150e-06
1.470000e+04  8.458250e-06
1.477000e+04  2.809110e-06
1.484000e+04  1.009590e-06
1.491000e+04  2.597850e-06
1.498000e+04  1.365310e-06
1.505000e+04  1.889320e-08
1.512000e+04  1.815300e-06
1.519000e+04  0.000000e+00
1.526000e+04  2.864780e-06
1.533000e+04  5.848210e-06
1.540000e+04  2.465890e-06
1.547000e+04  8.360800e-07
1.554000e+04  3.313400e-06
1.561000e+04  1.333260e-07
1.568000e+04  7.329310e-06
1.575000e+04  5.992740e-07
1.582000e+04  2.849370e-07
1.589000e+04  8.581030e-07
1.596000e+04  5.925120e-06
1.603000e+04  4.937680e-06
1.610000e+04  9.245090e-07
1.617000e+04  3.025440e-06
1.624000e+04  5.343680e-06
1.631000e+04  2.573990e-06
1.638000e+04  1.516000e-06
1.645000e+04  1.616310e-06
1.652000e+04  2.913280e-06
1.659000e+04  1.831380e-06
1.666000e+04  1.504570e-07
1.673000e+04  5.362730e-06
1.680000e+04  5.301970e-06
1.687000e+04  7.832380e-07
1.694000e+04  1.795700e-06
1.701000e+04  2.761430e-06
1.708000e+04  3.576340e-06
1.715000e+04  3.931770e-06
1.722000e+04  5.924460e-07
1.729000e+04  0.000000e+00
1.736000e+04  1.973270e-06
1.743000e+04  2.122600e-06
1.750000e+04  8.911210e-06
1.757000e+04  1.214720e-05
1.764000e+04  9.856780e-06
1.771000e+04  1.664680e-05
1.778000e+04  1.309270e-05
1.785000e+04  1.154150e-05
1.792000e+04  2.305070e-05
1.799000e+04  1.238150e-04
1.806000e+04  9.468280e-05
1.813000e+04  1.387060e-04
1.820000e+04  2.039330e-04
1.827000e+04  9.807480e-05
1.834000e+04  3.741550e-05
1.841000e+04  1.300260e-04
1.848000e+04  3.324160e-04
1.855000e+04  2.166510e-04
1.862000e+04  1.492190e-04
1.869000e+04  1.841540e-04
1.876000e+04  2.240920e-04
1.883000e+04  2.375580e-04
1.890000e+04  4.501390e-04
1.897000e+04  6.060500e-04
1.904000e+04  5.997740e-04
1.911000e+04  7.497050e-04
1.918000e+04  1.702060e-03
1.925000e+04  3.688520e-03
1.932000e+04  6.574430e-03
1.939000e+04  1.092780e-02
1.946000e+04  1.803720e-02
1.953000e+04  2.474400e-02
1.960000e+04  4.090600e-02
1.967000e+04  7.392760e-02
1.974000e+04  1.437110e-01
1.981000e+04  2.493260e-01
1.988000e+04  3.881460e-01
1.995000e+04  5.359100e-01
2.002000e+04  3.872340e-01
2.009000e+04  4.849690e-01
2.016000e+04  5.390880e-01
2.023000e+04  7.583240e-01
2.030000e+04  8.867060e-01
2.037000e+04  8.961210e-01
2.044000e+04  8.875020e-01
2.051000e+04  7.581060e-01
2.058000e+04  7.519430e-01
2.065000e+04  7.622780e-01
2.072000e+04  8.466080e-01
2.079000e+04  9.372660e-01
2.086000e+04  9.510950e-01
2.093000e+04  9.711790e-01
2.100000e+04  9.789050e-01
2.107000e+04  9.854800e-01
2.114000e+04  9.850330e-01
2.121000e+04  9.861970e-01
2.128000e+04  9.890910e-01
2.135000e+04  9.934270e-01
2.142000e+04  9.912020e-01
2.149000e+04  9.874000e-01
2.156000e+04  9.863980e-01
2.163000e+04  9.826510e-01
2.170000e+04  9.851610e-01
2.177000e+04  9.872850e-01
2.184000e+04  9.875560e-01
2.191000e+04  9.961030e-01
2.198000e+04  9.804450e-01
2.205000e+04  9.903310e-01
2.212000e+04  1.000000e+00
2.219000e+04  9.909500e-01
2.226000e+04  9.885750e-01
2.233000e+04  9.783700e-01
2.240000e+04  9.729230e-01
2.247000e+04  9.659190e-01
2.254000e+04  9.612620e-01
2.261000e+04  9.586280e-01
2.268000e+04  9.646480e-01
2.275000e+04  9.450450e-01
2.282000e+04  8.937090e-01
2.289000e+04  7.876870e-01
2.296000e+04  6.136970e-01
2.303000e+04  4.352610e-01
2.310000e+04  2.955550e-01
2.317000e+04  1.767150e-01
2.324000e+04  1.163660e-01
2.331000e+04  7.433720e-02
2.338000e+04  4.582110e-02
2.345000e+04  3.131420e-02
2.352000e+04  2.116660e-02
2.359000e+04  1.438630e-02
2.366000e+04  1.017090e-02
2.373000e+04  7.107470e-03
2.380000e+04  4.316540e-03
2.387000e+04  3.994390e-03
2.394000e+04  2.281140e-03
2.401000e+04  1.995720e-03
2.408000e+04  2.028930e-03
2.415000e+04  7.790890e-04
2.422000e+04  0.000000e+00
2.429000e+04  0.000000e+00
