8.900000e+03  0.000000e+00
8.940000e+03  0.000000e+00
8.980000e+03  2.754410e-04
9.020000e+03  2.808750e-04
9.060000e+03  2.621650e-04
9.100000e+03  2.299850e-04
9.140000e+03  1.966970e-04
9.180000e+03  1.690390e-04
9.220000e+03  1.509480e-04
9.260000e+03  1.222760e-04
9.300000e+03  9.570980e-05
9.340000e+03  6.420400e-05
9.380000e+03  4.689990e-05
9.420000e+03  3.572770e-05
9.460000e+03  3.570650e-05
9.500000e+03  4.881480e-05
9.540000e+03  6.030590e-05
9.580000e+03  6.459610e-05
9.620000e+03  6.020170e-05
9.660000e+03  4.925570e-05
9.700000e+03  3.273900e-05
9.740000e+03  1.517240e-05
9.780000e+03  6.761690e-06
9.820000e+03  4.283200e-06
9.860000e+03  5.243150e-06
9.900000e+03  4.179450e-06
9.940000e+03  3.106000e-06
9.980000e+03  5.274710e-06
1.002000e+04  5.820870e-06
1.006000e+04  7.457250e-06
1.010000e+04  6.514600e-06
1.014000e+04  6.251360e-06
1.018000e+04  4.764500e-06
1.022000e+04  1.499230e-06
1.026000e+04  1.500530e-06
1.030000e+04  2.185960e-06
1.034000e+04  3.146830e-06
1.038000e+04  4.792810e-06
1.042000e+04  6.580660e-06
1.046000e+04  7.000730e-06
1.050000e+04  8.658260e-06
1.054000e+04  9.904660e-06
1.058000e+04  1.212040e-05
1.062000e+04  1.158380e-05
1.066000e+04  1.476710e-05
1.070000e+04  1.740670e-05
1.074000e+04  2.294960e-05
1.078000e+04  2.752620e-05
1.082000e+04  3.184580e-05
1.086000e+04  4.305380e-05
1.090000e+04  5.018790e-05
1.094000e+04  6.797040e-05
1.098000e+04  7.696740e-05
1.102000e+04  0.000000e+00
1.106000e+04  3.512890e-04
1.110000e+04  5.245260e-04
1.114000e+04  6.375990e-06
1.118000e+04  6.613830e-04
1.122000e+04  3.622350e-04
1.126000e+04  1.340050e-03
1.130000e+04  2.140240e-03
1.134000e+04  2.951110e-03
1.138000e+04  5.612950e-03
1.142000e+04  8.546820e-03
1.146000e+04  1.367850e-02
1.150000e+04  2.589930e-02
1.154000e+04  5.170100e-02
1.158000e+04  1.097500e-01
1.162000e+04  2.448060e-01
1.166000e+04  4.861300e-01
1.170000e+04  7.439030e-01
1.174000e+04  8.464490e-01
1.178000e+04  8.395840e-01
1.182000e+04  8.115190e-01
1.186000e+04  8.093550e-01
1.190000e+04  8.270890e-01
1.194000e+04  8.574470e-01
1.198000e+04  8.844060e-01
1.202000e+04  9.076870e-01
1.206000e+04  9.246240e-01
1.210000e+04  9.408770e-01
1.214000e+04  9.504920e-01
1.218000e+04  9.548040e-01
1.222000e+04  9.600260e-01
1.226000e+04  9.674120e-01
1.230000e+04  9.782640e-01
1.234000e+04  9.877820e-01
1.238000e+04  9.959490e-01
1.242000e+04  1.000000e+00
1.246000e+04  9.986010e-01
1.250000e+04  9.898150e-01
1.254000e+04  9.703570e-01
1.258000e+04  9.415930e-01
1.262000e+04  8.976000e-01
1.266000e+04  8.585210e-01
1.270000e+04  8.205970e-01
1.274000e+04  8.643460e-01
1.278000e+04  8.700400e-01
1.282000e+04  8.844710e-01
1.286000e+04  8.987070e-01
1.290000e+04  9.126010e-01
1.294000e+04  9.370370e-01
1.298000e+04  9.534860e-01
1.302000e+04  9.721790e-01
1.306000e+04  9.887900e-01
1.310000e+04  9.940450e-01
1.314000e+04  9.997230e-01
1.318000e+04  9.874560e-01
1.322000e+04  9.631340e-01
1.326000e+04  9.157730e-01
1.330000e+04  7.927440e-01
1.334000e+04  6.600830e-01
1.338000e+04  5.053120e-01
1.342000e+04  3.561380e-01
1.346000e+04  2.145770e-01
1.350000e+04  1.141400e-01
1.354000e+04  5.148130e-02
1.358000e+04  2.703980e-02
1.362000e+04  1.048950e-02
1.366000e+04  8.711630e-03
1.370000e+04  5.414300e-03
1.374000e+04  6.288950e-03
1.378000e+04  4.712600e-03
1.382000e+04  1.452570e-03
1.386000e+04  2.020940e-03
1.390000e+04  1.420320e-03
1.394000e+04  8.372240e-04
1.398000e+04  6.495240e-04
1.402000e+04  7.608230e-04
1.406000e+04  4.329460e-04
1.410000e+04  1.174810e-04
1.414000e+04  5.229640e-04
1.418000e+04  1.345120e-04
1.422000e+04  4.204850e-04
1.426000e+04  1.975250e-04
1.430000e+04  7.467830e-04
1.434000e+04  2.277490e-04
1.438000e+04  4.608770e-04
1.442000e+04  1.362400e-04
1.446000e+04  3.491420e-04
1.450000e+04  4.313020e-05
1.454000e+04  4.905560e-04
1.458000e+04  2.426290e-04
1.462000e+04  1.515530e-04
1.466000e+04  6.462210e-06
1.470000e+04  1.275200e-04
1.474000e+04  0.000000e+00
1.478000e+04  1.059430e-04
1.482000e+04  5.270150e-04
1.486000e+04  6.181410e-04
1.490000e+04  0.000000e+00
1.494000e+04  0.000000e+00
1.498000e+04  1.966320e-04
1.502000e+04  2.847640e-05
1.506000e+04  2.431950e-05
1.510000e+04  3.540230e-05
1.514000e+04  4.122180e-05
1.518000e+04  3.834380e-05
1.522000e+04  3.747820e-05
1.526000e+04  3.745710e-05
1.530000e+04  3.631340e-05
1.534000e+04  3.577650e-05
1.538000e+04  3.612790e-05
1.542000e+04  3.407470e-05
1.546000e+04  3.343690e-05
1.550000e+04  3.479540e-05
1.554000e+04  3.289030e-05
1.558000e+04  3.406980e-05
1.562000e+04  3.452050e-05
1.566000e+04  3.510130e-05
1.570000e+04  3.307250e-05
1.574000e+04  3.310660e-05
1.578000e+04  3.376560e-05
1.582000e+04  3.419830e-05
1.586000e+04  3.405350e-05
1.590000e+04  3.647280e-05
1.594000e+04  3.869520e-05
1.598000e+04  3.803140e-05
1.602000e+04  3.766860e-05
1.606000e+04  4.082810e-05
1.610000e+04  4.347840e-05
1.614000e+04  4.222730e-05
1.618000e+04  4.811680e-05
1.622000e+04  4.848290e-05
1.626000e+04  5.068740e-05
1.630000e+04  5.227200e-05
1.634000e+04  5.412020e-05
1.638000e+04  5.632800e-05
1.642000e+04  6.083300e-05
1.646000e+04  6.605710e-05
1.650000e+04  7.101110e-05
1.654000e+04  7.748640e-05
1.658000e+04  8.427890e-05
1.662000e+04  9.102900e-05
1.666000e+04  9.752220e-05
1.670000e+04  1.143920e-04
1.674000e+04  1.239210e-04
1.678000e+04  1.373140e-04
1.682000e+04  1.478240e-04
1.686000e+04  1.485720e-04
1.690000e+04  1.526070e-04
1.694000e+04  1.481980e-04
1.698000e+04  1.385500e-04
1.702000e+04  1.267860e-04
1.706000e+04  1.074430e-04
1.710000e+04  8.860160e-05
1.714000e+04  7.428290e-05
1.718000e+04  6.032210e-05
1.722000e+04  5.146670e-05
1.726000e+04  4.335800e-05
1.730000e+04  3.921910e-05
1.734000e+04  3.562680e-05
1.738000e+04  3.586590e-05
1.742000e+04  3.921420e-05
1.746000e+04  4.074680e-05
1.750000e+04  4.757500e-05
1.754000e+04  6.121530e-05
1.758000e+04  8.331730e-05
1.762000e+04  1.014200e-04
1.766000e+04  1.095660e-04
1.770000e+04  1.105640e-04
1.774000e+04  9.124220e-05
1.778000e+04  6.546980e-05
1.782000e+04  4.571060e-05
1.786000e+04  2.875130e-05
1.790000e+04  1.636830e-05
1.794000e+04  8.858050e-06
1.798000e+04  4.116410e-06
1.802000e+04  2.365820e-06
1.806000e+04  1.235630e-06
1.810000e+04  1.261010e-06
1.814000e+04  1.871280e-06
1.818000e+04  6.673720e-07
1.822000e+04  9.361100e-07
1.826000e+04  3.291300e-07
1.830000e+04  1.206900e-06
1.834000e+04  2.461950e-06
1.838000e+04  6.173920e-07
1.842000e+04  1.148700e-06
1.846000e+04  3.852110e-07
1.850000e+04  1.619130e-07
1.854000e+04  5.735620e-07
1.858000e+04  3.836000e-07
1.862000e+04  4.713580e-07
1.866000e+04  3.090050e-07
1.870000e+04  3.668590e-07
1.874000e+04  1.734320e-07
1.878000e+04  1.473460e-06
1.882000e+04  1.017200e-06
1.886000e+04  4.060200e-07
1.890000e+04  1.497700e-06
1.894000e+04  6.013180e-07
1.898000e+04  1.791260e-07
1.902000e+04  5.684540e-08
1.906000e+04  0.000000e+00
1.910000e+04  7.952490e-07
1.914000e+04  7.786550e-07
1.918000e+04  1.745740e-06
1.922000e+04  1.406980e-06
1.926000e+04  1.224440e-06
1.930000e+04  6.737820e-07
1.934000e+04  1.337640e-06
1.938000e+04  1.207130e-06
1.942000e+04  3.305780e-06
1.946000e+04  2.965260e-06
1.950000e+04  1.701620e-06
1.954000e+04  6.138450e-07
1.958000e+04  8.815420e-07
1.962000e+04  4.287550e-06
1.966000e+04  1.364190e-06
1.970000e+04  5.086630e-06
1.974000e+04  6.485800e-06
1.978000e+04  4.971940e-06
1.982000e+04  1.055350e-05
1.986000e+04  6.142030e-06
1.990000e+04  3.214190e-06
1.994000e+04  8.564550e-06
1.998000e+04  3.251610e-06
2.002000e+04  1.408280e-06
2.006000e+04  2.046370e-06
2.010000e+04  2.761250e-06
2.014000e+04  2.230860e-06
2.018000e+04  2.296920e-06
2.022000e+04  0.000000e+00
2.026000e+04  5.599280e-07
2.030000e+04  6.333030e-06
2.034000e+04  3.481330e-06
2.038000e+04  2.309120e-06
2.042000e+04  6.550560e-06
2.046000e+04  2.662070e-06
2.050000e+04  1.453350e-06
2.054000e+04  5.900590e-06
2.058000e+04  2.578540e-06
2.062000e+04  5.621900e-06
2.066000e+04  3.296020e-06
2.070000e+04  1.396700e-06
2.074000e+04  9.271940e-07
2.078000e+04  5.726190e-06
2.082000e+04  3.900270e-06
2.086000e+04  4.461560e-06
2.090000e+04  4.965750e-06
2.094000e+04  2.791510e-06
2.098000e+04  1.032780e-06
2.102000e+04  6.931430e-06
2.106000e+04  5.171720e-06
2.110000e+04  5.010330e-06
2.114000e+04  3.993820e-06
2.118000e+04  2.659480e-06
2.122000e+04  4.435210e-07
2.126000e+04  7.982750e-06
2.130000e+04  4.583750e-06
2.134000e+04  6.385420e-06
2.138000e+04  7.129260e-06
2.142000e+04  2.080110e-06
2.146000e+04  2.374030e-06
2.150000e+04  5.897670e-06
2.154000e+04  4.126280e-06
2.158000e+04  1.777140e-06
2.162000e+04  2.939880e-07
2.166000e+04  5.901900e-07
2.170000e+04  0.000000e+00
2.174000e+04  4.430160e-07
2.178000e+04  1.035870e-06
2.182000e+04  4.436350e-06
2.186000e+04  3.989260e-06
2.190000e+04  5.172640e-06
2.194000e+04  3.259090e-06
2.198000e+04  3.657690e-06
2.202000e+04  3.647600e-06
2.206000e+04  6.773290e-06
2.210000e+04  7.402590e-07
2.214000e+04  6.364920e-06
2.218000e+04  1.887810e-05
2.222000e+04  6.487590e-06
2.226000e+04  8.669000e-06
2.230000e+04  1.693940e-05
2.234000e+04  1.097830e-05
2.238000e+04  1.645910e-05
2.242000e+04  2.478320e-05
2.246000e+04  1.706800e-05
2.250000e+04  1.228020e-05
2.254000e+04  5.158710e-06
2.258000e+04  4.768570e-06
2.262000e+04  7.218090e-06
2.266000e+04  1.362810e-05
2.270000e+04  4.111770e-06
2.274000e+04  6.141710e-06
2.278000e+04  1.103070e-05
2.282000e+04  3.602050e-06
2.286000e+04  1.044270e-05
2.290000e+04  2.695840e-06
2.294000e+04  2.497030e-06
2.298000e+04  2.519480e-06
2.302000e+04  1.048860e-05
2.306000e+04  4.212150e-06
2.310000e+04  7.695700e-06
2.314000e+04  1.332770e-05
2.318000e+04  1.443620e-06
2.322000e+04  7.783940e-06
2.326000e+04  7.891160e-06
2.330000e+04  4.993900e-06
2.334000e+04  9.649880e-06
2.338000e+04  1.004930e-05
2.342000e+04  5.284310e-07
2.346000e+04  4.284880e-06
2.350000e+04  9.561540e-07
2.354000e+04  2.164810e-06
2.358000e+04  5.337460e-06
2.362000e+04  4.346700e-07
2.366000e+04  5.744730e-07
2.370000e+04  1.728460e-06
2.374000e+04  9.287560e-06
2.378000e+04  1.340390e-05
2.382000e+04  1.403740e-05
2.386000e+04  3.438380e-06
2.390000e+04  7.431550e-06
2.394000e+04  5.505080e-06
2.398000e+04  9.734000e-07
2.402000e+04  1.122590e-06
2.406000e+04  5.319780e-07
2.410000e+04  1.508500e-06
2.414000e+04  2.216380e-06
2.418000e+04  1.082260e-05
2.422000e+04  4.175710e-06
2.426000e+04  1.000930e-05
2.430000e+04  6.587160e-06
2.434000e+04  4.743840e-07
2.438000e+04  0.000000e+00
2.442000e+04  2.221430e-06
2.446000e+04  9.080620e-06
2.450000e+04  2.053460e-05
2.454000e+04  1.510060e-05
2.458000e+04  1.555490e-05
2.462000e+04  3.565280e-06
2.466000e+04  6.613840e-06
2.470000e+04  0.000000e+00
2.474000e+04  0.000000e+00
2.478000e+04  0.000000e+00
2.482000e+04  4.812980e-05
2.486000e+04  3.701160e-05
2.490000e+04  1.324660e-06
2.494000e+04  0.000000e+00
2.498000e+04  1.460020e-06
2.502000e+04  3.915630e-05
2.506000e+04  7.531870e-05
2.510000e+04  9.315800e-05
2.514000e+04  1.271630e-04
2.518000e+04  1.969580e-05
2.522000e+04  4.572140e-05
2.526000e+04  7.671740e-05
2.530000e+04  0.000000e+00
2.534000e+04  0.000000e+00
2.538000e+04  2.399200e-06
2.542000e+04  9.746740e-06
2.546000e+04  8.344100e-07
2.550000e+04  1.283170e-06
2.554000e+04  1.527640e-05
2.558000e+04  2.708870e-06
2.562000e+04  5.005050e-08
2.566000e+04  3.560010e-07
2.570000e+04  7.269100e-07
2.574000e+04  1.687460e-07
2.578000e+04  1.126250e-07
2.582000e+04  5.198080e-09
2.586000e+04  3.162290e-09
2.590000e+04  1.497930e-09
2.594000e+04  0.000000e+00
2.598000e+04  1.194830e-07
2.602000e+04  2.522410e-07
2.606000e+04  1.088750e-09
2.610000e+04  2.353060e-07
2.614000e+04  1.183650e-07
2.618000e+04  1.257570e-08
2.622000e+04  2.639830e-07
2.626000e+04  5.416550e-07
2.630000e+04  1.698740e-08
2.634000e+04  3.609650e-08
2.638000e+04  1.698890e-08
2.642000e+04  2.079230e-09
2.646000e+04  7.820490e-08
2.650000e+04  2.714200e-07
2.654000e+04  4.497030e-08
2.658000e+04  4.894490e-08
2.662000e+04  6.061990e-09
2.666000e+04  3.587410e-18
2.670000e+04  1.031980e-11
2.674000e+04  5.847830e-11
2.678000e+04  3.439900e-12
2.682000e+04  0.000000e+00
2.686000e+04  0.000000e+00
2.690000e+04  0.000000e+00
2.694000e+04  1.202720e-12
2.698000e+04  2.645980e-11
2.702000e+04  1.082450e-11
2.706000e+04  0.000000e+00
2.710000e+04  0.000000e+00
2.714000e+04  1.663600e-10
2.718000e+04  6.914880e-10
2.722000e+04  6.944600e-11
2.726000e+04  1.738800e-12
2.730000e+04  2.870900e-08
2.734000e+04  3.827870e-08
2.738000e+04  1.874890e-13
2.742000e+04  4.710220e-08
2.746000e+04  2.231150e-08
2.750000e+04  0.000000e+00
2.754000e+04  0.000000e+00
2.758000e+04  1.228880e-15
2.762000e+04  4.947270e-12
2.766000e+04  3.202970e-10
2.770000e+04  1.749330e-09
2.774000e+04  2.907350e-10
2.778000e+04  0.000000e+00
2.782000e+04  0.000000e+00
2.786000e+04  0.000000e+00
2.790000e+04  0.000000e+00
2.794000e+04  0.000000e+00
2.798000e+04  0.000000e+00
2.802000e+04  1.044370e-09
2.806000e+04  5.274000e-08
2.810000e+04  1.227960e-07
2.814000e+04  5.576340e-09
2.818000e+04  3.179610e-08
2.822000e+04  3.442540e-07
2.826000e+04  7.038830e-07
2.830000e+04  1.489830e-07
2.834000e+04  5.418530e-08
2.838000e+04  3.142280e-07
2.842000e+04  4.821770e-07
2.846000e+04  2.122060e-07
2.850000e+04  5.582570e-07
2.854000e+04  2.472910e-07
2.858000e+04  1.027820e-08
2.862000e+04  0.000000e+00
2.866000e+04  1.174690e-07
2.870000e+04  3.234440e-07
2.874000e+04  3.386940e-07
2.878000e+04  1.524070e-06
2.882000e+04  4.952410e-07
2.886000e+04  1.454490e-06
2.890000e+04  3.058330e-07
2.894000e+04  3.931930e-07
2.898000e+04  1.237840e-07
2.902000e+04  2.118930e-07
2.906000e+04  1.549740e-07
2.910000e+04  1.532060e-06
2.914000e+04  1.305850e-06
2.918000e+04  1.166820e-06
2.922000e+04  6.559830e-07
2.926000e+04  0.000000e+00
2.930000e+04  5.570650e-07
2.934000e+04  1.495850e-06
2.938000e+04  1.338320e-06
2.942000e+04  5.885460e-08
2.946000e+04  1.924670e-07
2.950000e+04  1.215720e-06
2.954000e+04  8.869240e-07
2.958000e+04  2.499540e-06
2.962000e+04  1.711640e-06
2.966000e+04  2.116840e-06
2.970000e+04  2.386270e-06
2.974000e+04  1.532190e-06
2.978000e+04  1.248500e-06
2.982000e+04  2.472840e-06
2.986000e+04  4.790040e-06
2.990000e+04  7.187470e-06
2.994000e+04  4.880660e-06
2.998000e+04  7.094250e-06
3.002000e+04  5.834740e-06
3.006000e+04  5.899940e-06
3.010000e+04  7.614740e-06
3.014000e+04  7.211650e-06
3.018000e+04  5.463530e-06
3.022000e+04  7.846910e-06
3.026000e+04  1.107960e-05
3.030000e+04  1.386460e-05
3.034000e+04  1.614540e-05
3.038000e+04  2.030680e-05
3.042000e+04  2.565360e-05
3.046000e+04  2.767360e-05
3.050000e+04  3.131890e-05
3.054000e+04  4.893000e-05
3.058000e+04  6.729030e-05
3.062000e+04  7.383860e-05
3.066000e+04  9.677850e-05
3.070000e+04  1.405310e-04
3.074000e+04  2.189470e-04
3.078000e+04  2.835000e-04
3.082000e+04  0.000000e+00
3.086000e+04  0.000000e+00
