1.429000e+04  0.000000e+00
1.434000e+04  0.000000e+00
1.439000e+04  2.431990e-03
1.444000e+04  2.505030e-03
1.449000e+04  3.536620e-03
1.454000e+04  5.065970e-03
1.459000e+04  8.214510e-03
1.464000e+04  1.044120e-02
1.469000e+04  1.579020e-02
1.474000e+04  2.731080e-02
1.479000e+04  4.535370e-02
1.484000e+04  8.604690e-02
1.489000e+04  1.580050e-01
1.494000e+04  2.855250e-01
1.499000e+04  4.777770e-01
1.504000e+04  6.856260e-01
1.509000e+04  8.593480e-01
1.514000e+04  9.372700e-01
1.519000e+04  9.391090e-01
1.524000e+04  9.126670e-01
1.529000e+04  8.874070e-01
1.534000e+04  8.782700e-01
1.539000e+04  8.875820e-01
1.544000e+04  9.094550e-01
1.549000e+04  9.352080e-01
1.554000e+04  9.566430e-01
1.559000e+04  9.700700e-01
1.564000e+04  9.739240e-01
1.569000e+04  9.574740e-01
1.574000e+04  9.387690e-01
1.579000e+04  9.422600e-01
1.584000e+04  9.643770e-01
1.589000e+04  9.684060e-01
1.594000e+04  9.673810e-01
1.599000e+04  9.499770e-01
1.604000e+04  9.279210e-01
1.609000e+04  9.277960e-01
1.614000e+04  9.449090e-01
1.619000e+04  9.509390e-01
1.624000e+04  9.520040e-01
1.629000e+04  9.531920e-01
1.634000e+04  9.539300e-01
1.639000e+04  9.524000e-01
1.644000e+04  9.511620e-01
1.649000e+04  9.539740e-01
1.654000e+04  9.622310e-01
1.659000e+04  9.712870e-01
1.664000e+04  9.640060e-01
1.669000e+04  9.786790e-01
1.674000e+04  9.882780e-01
1.679000e+04  9.919430e-01
1.684000e+04  9.959050e-01
1.689000e+04  9.990880e-01
1.694000e+04  1.000000e+00
1.699000e+04  9.989550e-01
1.704000e+04  9.981380e-01
1.709000e+04  9.957250e-01
1.714000e+04  9.980250e-01
1.719000e+04  9.984430e-01
1.724000e+04  9.906450e-01
1.729000e+04  9.915660e-01
1.734000e+04  9.818880e-01
1.739000e+04  9.761900e-01
1.744000e+04  9.674210e-01
1.749000e+04  9.514820e-01
1.754000e+04  9.444500e-01
1.759000e+04  9.317550e-01
1.764000e+04  8.939950e-01
1.769000e+04  8.880380e-01
1.774000e+04  8.375700e-01
1.779000e+04  7.545010e-01
1.784000e+04  6.436130e-01
1.789000e+04  5.330800e-01
1.794000e+04  3.756110e-01
1.799000e+04  2.442880e-01
1.804000e+04  1.513950e-01
1.809000e+04  9.608920e-02
1.814000e+04  5.530710e-02
1.819000e+04  3.298980e-02
1.824000e+04  2.250490e-02
1.829000e+04  1.138810e-02
1.834000e+04  7.281700e-03
1.839000e+04  3.138710e-03
1.844000e+04  3.938820e-03
1.849000e+04  1.603130e-03
1.854000e+04  1.913390e-03
1.859000e+04  9.328530e-04
1.864000e+04  1.508610e-03
1.869000e+04  0.000000e+00
1.874000e+04  0.000000e+00
