8.530000e+03  0.000000e+00
8.560000e+03  0.000000e+00
8.590000e+03  1.730340e-03
8.620000e+03  1.609250e-04
8.650000e+03  5.483410e-05
8.680000e+03  9.033780e-05
8.710000e+03  6.895160e-05
8.740000e+03  1.130280e-04
8.770000e+03  1.004280e-04
8.800000e+03  1.296920e-04
8.830000e+03  1.308750e-04
8.860000e+03  1.625070e-04
8.890000e+03  1.631470e-04
8.920000e+03  2.083500e-04
8.950000e+03  2.359240e-04
8.980000e+03  2.804520e-04
9.010000e+03  2.430890e-04
9.040000e+03  1.508780e-03
9.070000e+03  1.338110e-03
9.100000e+03  9.325920e-04
9.130000e+03  4.601780e-04
9.160000e+03  5.065920e-04
9.190000e+03  1.618400e-03
9.220000e+03  2.331730e-03
9.250000e+03  1.504570e-03
9.280000e+03  1.838260e-03
9.310000e+03  2.574180e-03
9.340000e+03  4.061760e-03
9.370000e+03  5.223120e-03
9.400000e+03  6.036920e-03
9.430000e+03  8.810540e-03
9.460000e+03  1.296320e-02
9.490000e+03  1.639290e-02
9.520000e+03  2.388470e-02
9.550000e+03  3.265800e-02
9.580000e+03  4.977570e-02
9.610000e+03  7.656100e-02
9.640000e+03  1.188050e-01
9.670000e+03  1.876120e-01
9.700000e+03  2.970130e-01
9.730000e+03  4.356590e-01
9.760000e+03  5.925530e-01
9.790000e+03  7.299100e-01
9.820000e+03  8.207930e-01
9.850000e+03  8.544520e-01
9.880000e+03  8.561760e-01
9.910000e+03  8.532050e-01
9.940000e+03  8.574830e-01
9.970000e+03  8.686210e-01
1.000000e+04  8.849610e-01
1.003000e+04  9.074520e-01
1.006000e+04  9.311490e-01
1.009000e+04  9.484310e-01
1.012000e+04  9.579530e-01
1.015000e+04  9.624210e-01
1.018000e+04  9.646230e-01
1.021000e+04  9.583170e-01
1.024000e+04  9.470950e-01
1.027000e+04  9.333680e-01
1.030000e+04  9.229690e-01
1.033000e+04  9.166700e-01
1.036000e+04  9.134660e-01
1.039000e+04  9.186500e-01
1.042000e+04  9.363150e-01
1.045000e+04  9.629050e-01
1.048000e+04  9.899300e-01
1.051000e+04  1.000000e+00
1.054000e+04  9.760230e-01
1.057000e+04  9.082640e-01
1.060000e+04  8.001340e-01
1.063000e+04  6.659690e-01
1.066000e+04  5.303060e-01
1.069000e+04  4.078940e-01
1.072000e+04  3.004920e-01
1.075000e+04  2.143270e-01
1.078000e+04  1.440140e-01
1.081000e+04  9.342750e-02
1.084000e+04  5.896060e-02
1.087000e+04  3.752430e-02
1.090000e+04  2.424860e-02
1.093000e+04  1.668480e-02
1.096000e+04  1.139460e-02
1.099000e+04  9.216870e-03
1.102000e+04  5.125760e-03
1.105000e+04  4.904370e-03
1.108000e+04  3.188660e-03
1.111000e+04  3.674990e-03
1.114000e+04  5.156360e-03
1.117000e+04  3.541840e-03
1.120000e+04  2.702190e-03
1.123000e+04  1.204000e-03
1.126000e+04  1.433180e-03
1.129000e+04  1.720320e-03
1.132000e+04  1.107940e-03
1.135000e+04  7.733710e-04
1.138000e+04  1.651600e-03
1.141000e+04  3.214370e-04
1.144000e+04  2.429220e-04
1.147000e+04  4.091250e-04
1.150000e+04  8.679230e-04
1.153000e+04  5.880850e-04
1.156000e+04  6.047950e-04
1.159000e+04  9.618070e-06
1.162000e+04  1.947480e-05
1.165000e+04  1.645550e-03
1.168000e+04  6.466680e-04
1.171000e+04  8.042700e-04
1.174000e+04  9.175410e-04
1.177000e+04  1.371960e-03
1.180000e+04  1.260820e-03
1.183000e+04  1.129320e-03
1.186000e+04  2.771120e-06
1.189000e+04  0.000000e+00
1.192000e+04  1.289870e-04
1.195000e+04  7.094250e-04
1.198000e+04  2.537440e-04
1.201000e+04  1.758050e-04
1.204000e+04  2.096860e-06
1.207000e+04  1.661760e-06
1.210000e+04  1.296540e-06
1.213000e+04  1.608680e-06
1.216000e+04  1.615040e-06
1.219000e+04  1.302760e-06
1.222000e+04  2.396850e-06
1.225000e+04  1.408170e-06
1.228000e+04  2.354640e-06
1.231000e+04  1.414790e-06
1.234000e+04  3.097090e-06
1.237000e+04  2.258410e-06
1.240000e+04  8.404630e-07
1.243000e+04  3.681620e-07
1.246000e+04  4.049800e-06
1.249000e+04  5.785580e-07
1.252000e+04  4.886810e-06
1.255000e+04  9.964440e-07
1.258000e+04  5.229620e-08
1.261000e+04  1.119540e-06
1.264000e+04  3.796220e-06
1.267000e+04  1.222990e-06
1.270000e+04  1.048670e-06
1.273000e+04  3.336320e-06
1.276000e+04  1.239810e-06
1.279000e+04  2.567860e-06
1.282000e+04  1.265530e-06
1.285000e+04  4.173440e-06
1.288000e+04  1.689810e-06
1.291000e+04  2.111890e-07
1.294000e+04  1.639280e-06
1.297000e+04  2.747010e-06
1.300000e+04  4.009080e-06
1.303000e+04  1.057140e-06
1.306000e+04  3.722200e-06
1.309000e+04  2.391830e-06
1.312000e+04  5.292090e-06
1.315000e+04  8.904560e-07
1.318000e+04  2.977580e-06
1.321000e+04  6.700760e-06
1.324000e+04  3.344100e-06
1.327000e+04  2.653140e-06
1.330000e+04  1.292860e-05
1.333000e+04  1.733290e-05
1.336000e+04  1.079130e-05
1.339000e+04  8.612350e-06
1.342000e+04  9.641400e-06
1.345000e+04  1.235020e-05
1.348000e+04  1.407450e-05
1.351000e+04  1.946930e-05
1.354000e+04  2.121440e-05
1.357000e+04  3.820920e-05
1.360000e+04  5.166390e-05
1.363000e+04  8.395140e-05
1.366000e+04  1.483400e-04
1.369000e+04  1.574630e-04
1.372000e+04  2.478550e-04
1.375000e+04  3.632580e-04
1.378000e+04  3.359760e-04
1.381000e+04  1.854360e-04
1.384000e+04  1.290400e-04
1.387000e+04  1.543140e-04
1.390000e+04  1.472740e-04
1.393000e+04  8.094460e-05
1.396000e+04  4.573740e-05
1.399000e+04  6.990850e-05
1.402000e+04  6.301620e-05
1.405000e+04  6.931130e-05
1.408000e+04  7.444250e-05
1.411000e+04  1.106590e-04
1.414000e+04  1.240070e-04
1.417000e+04  1.988260e-04
1.420000e+04  2.060760e-04
1.423000e+04  2.858870e-04
1.426000e+04  3.572200e-04
1.429000e+04  3.905040e-04
1.432000e+04  3.523760e-04
1.435000e+04  4.089560e-04
1.438000e+04  3.733400e-04
1.441000e+04  3.730950e-04
1.444000e+04  3.211630e-04
1.447000e+04  2.646190e-04
1.450000e+04  2.127760e-04
1.453000e+04  1.927970e-04
1.456000e+04  1.582850e-04
1.459000e+04  1.400630e-04
1.462000e+04  1.143440e-04
1.465000e+04  1.003510e-04
1.468000e+04  9.065340e-05
1.471000e+04  7.604490e-05
1.474000e+04  8.099180e-05
1.477000e+04  7.766520e-05
1.480000e+04  7.638200e-05
1.483000e+04  8.261450e-05
1.486000e+04  8.397640e-05
1.489000e+04  9.139490e-05
1.492000e+04  9.561630e-05
1.495000e+04  1.026850e-04
1.498000e+04  1.132090e-04
1.501000e+04  1.277670e-04
1.504000e+04  1.383340e-04
1.507000e+04  1.574910e-04
1.510000e+04  1.767850e-04
1.513000e+04  1.975400e-04
1.516000e+04  2.202930e-04
1.519000e+04  2.467520e-04
1.522000e+04  2.697560e-04
1.525000e+04  2.899200e-04
1.528000e+04  3.034740e-04
1.531000e+04  3.097150e-04
1.534000e+04  3.083370e-04
1.537000e+04  3.037550e-04
1.540000e+04  2.868950e-04
1.543000e+04  2.707880e-04
1.546000e+04  2.490010e-04
1.549000e+04  2.271900e-04
1.552000e+04  2.043880e-04
1.555000e+04  1.875890e-04
1.558000e+04  1.678060e-04
1.561000e+04  1.542060e-04
1.564000e+04  1.392400e-04
1.567000e+04  1.304780e-04
1.570000e+04  1.196170e-04
1.573000e+04  1.110470e-04
1.576000e+04  1.070250e-04
1.579000e+04  1.010420e-04
1.582000e+04  1.021330e-04
1.585000e+04  1.018180e-04
1.588000e+04  1.005750e-04
1.591000e+04  1.000140e-04
1.594000e+04  9.937480e-05
1.597000e+04  1.017290e-04
1.600000e+04  9.716210e-05
1.603000e+04  9.970410e-05
1.606000e+04  1.030930e-04
1.609000e+04  1.059040e-04
1.612000e+04  1.116390e-04
1.615000e+04  1.169020e-04
1.618000e+04  1.230790e-04
1.621000e+04  1.312110e-04
1.624000e+04  1.375930e-04
1.627000e+04  1.452460e-04
1.630000e+04  1.597280e-04
1.633000e+04  1.714150e-04
1.636000e+04  1.825480e-04
1.639000e+04  1.977660e-04
1.642000e+04  2.082240e-04
1.645000e+04  2.253050e-04
1.648000e+04  2.374750e-04
1.651000e+04  2.509340e-04
1.654000e+04  2.616180e-04
1.657000e+04  2.689800e-04
1.660000e+04  2.713010e-04
1.663000e+04  2.653710e-04
1.666000e+04  2.439360e-04
1.669000e+04  2.286930e-04
1.672000e+04  2.197440e-04
1.675000e+04  1.885550e-04
1.678000e+04  1.705500e-04
1.681000e+04  1.358400e-04
1.684000e+04  1.272870e-04
1.687000e+04  8.496800e-05
1.690000e+04  8.081220e-05
1.693000e+04  5.261900e-05
1.696000e+04  5.226700e-05
1.699000e+04  2.971920e-05
1.702000e+04  3.584790e-05
1.705000e+04  1.717990e-05
1.708000e+04  2.261030e-05
1.711000e+04  8.002290e-06
1.714000e+04  1.840730e-05
1.717000e+04  7.566970e-06
1.720000e+04  1.779780e-05
1.723000e+04  4.894520e-06
1.726000e+04  1.848680e-05
1.729000e+04  3.944650e-06
1.732000e+04  1.584250e-05
1.735000e+04  5.014870e-06
1.738000e+04  1.504640e-05
1.741000e+04  1.139170e-06
1.744000e+04  9.291920e-06
1.747000e+04  2.587550e-06
1.750000e+04  9.434380e-06
1.753000e+04  3.164260e-06
1.756000e+04  9.920770e-06
1.759000e+04  2.286930e-06
1.762000e+04  9.967670e-06
1.765000e+04  4.371260e-06
1.768000e+04  5.893620e-06
1.771000e+04  2.486190e-06
1.774000e+04  4.061940e-06
1.777000e+04  6.998130e-06
1.780000e+04  9.990510e-06
1.783000e+04  6.253590e-06
1.786000e+04  3.742710e-06
1.789000e+04  5.871540e-06
1.792000e+04  1.241080e-06
1.795000e+04  5.263930e-06
1.798000e+04  2.560330e-06
1.801000e+04  5.779870e-06
1.804000e+04  2.465310e-06
1.807000e+04  6.584820e-06
1.810000e+04  7.206690e-07
1.813000e+04  3.711800e-06
1.816000e+04  2.233040e-06
1.819000e+04  2.134720e-06
1.822000e+04  1.204420e-06
1.825000e+04  2.323500e-06
1.828000e+04  4.760830e-07
1.831000e+04  4.858380e-06
1.834000e+04  1.748480e-06
1.837000e+04  1.576050e-06
1.840000e+04  3.016550e-07
1.843000e+04  3.470790e-06
1.846000e+04  2.342170e-07
1.849000e+04  3.944110e-06
1.852000e+04  6.786280e-07
1.855000e+04  3.351060e-06
1.858000e+04  5.710940e-07
1.861000e+04  5.887740e-06
1.864000e+04  9.502630e-07
1.867000e+04  2.147090e-06
1.870000e+04  1.044610e-06
1.873000e+04  6.375660e-07
1.876000e+04  7.737650e-08
1.879000e+04  4.016740e-06
1.882000e+04  9.386000e-07
1.885000e+04  4.921350e-06
1.888000e+04  9.383550e-07
1.891000e+04  3.826410e-06
1.894000e+04  1.541860e-06
1.897000e+04  4.538010e-06
1.900000e+04  3.043160e-07
1.903000e+04  5.051680e-06
1.906000e+04  2.406720e-06
1.909000e+04  5.599980e-06
1.912000e+04  2.659840e-06
1.915000e+04  3.377610e-06
1.918000e+04  8.204590e-07
1.921000e+04  7.847240e-06
1.924000e+04  5.220640e-06
1.927000e+04  8.465830e-06
1.930000e+04  4.828840e-06
1.933000e+04  9.903530e-06
1.936000e+04  5.557150e-07
1.939000e+04  8.998100e-06
1.942000e+04  2.188970e-06
1.945000e+04  1.341920e-05
1.948000e+04  2.767660e-06
1.951000e+04  1.215810e-05
1.954000e+04  1.771370e-06
1.957000e+04  8.449550e-06
1.960000e+04  2.422060e-06
1.963000e+04  4.881160e-06
1.966000e+04  3.673150e-07
1.969000e+04  5.681280e-06
1.972000e+04  3.135390e-07
1.975000e+04  6.104210e-06
1.978000e+04  0.000000e+00
1.981000e+04  6.117280e-06
1.984000e+04  2.023240e-06
1.987000e+04  1.133780e-05
1.990000e+04  1.610770e-07
1.993000e+04  7.830360e-06
1.996000e+04  1.769640e-06
1.999000e+04  7.117020e-06
2.002000e+04  9.567360e-07
2.005000e+04  1.574320e-06
2.008000e+04  5.629930e-07
2.011000e+04  7.020260e-06
2.014000e+04  7.129140e-07
2.017000e+04  6.784130e-06
2.020000e+04  8.882490e-07
2.023000e+04  8.161640e-06
2.026000e+04  1.203840e-06
2.029000e+04  6.536060e-06
2.032000e+04  7.445320e-07
2.035000e+04  5.211730e-06
2.038000e+04  2.370450e-06
2.041000e+04  6.421710e-06
2.044000e+04  2.744090e-06
2.047000e+04  4.198850e-06
2.050000e+04  2.449800e-06
2.053000e+04  5.392190e-06
2.056000e+04  1.283770e-06
2.059000e+04  9.127760e-06
2.062000e+04  7.531230e-07
2.065000e+04  3.882490e-06
2.068000e+04  3.504970e-06
2.071000e+04  4.939270e-06
2.074000e+04  2.368960e-06
2.077000e+04  4.535620e-06
2.080000e+04  2.129730e-06
2.083000e+04  1.043310e-05
2.086000e+04  9.050720e-07
2.089000e+04  8.914040e-06
2.092000e+04  2.525740e-06
2.095000e+04  5.161670e-06
2.098000e+04  3.066960e-06
2.101000e+04  4.484970e-06
2.104000e+04  4.823830e-06
2.107000e+04  9.486460e-06
2.110000e+04  3.403970e-06
2.113000e+04  5.661190e-06
2.116000e+04  4.334990e-06
2.119000e+04  9.071840e-06
2.122000e+04  2.770880e-06
2.125000e+04  8.468340e-06
2.128000e+04  5.715600e-06
2.131000e+04  5.988180e-06
2.134000e+04  5.876610e-06
2.137000e+04  9.297940e-06
2.140000e+04  6.044610e-06
2.143000e+04  4.953320e-06
2.146000e+04  5.818000e-06
2.149000e+04  8.147260e-06
2.152000e+04  1.622580e-06
2.155000e+04  9.746930e-07
2.158000e+04  5.361230e-06
2.161000e+04  5.838700e-06
2.164000e+04  1.086070e-05
2.167000e+04  8.294760e-06
2.170000e+04  6.792660e-06
2.173000e+04  1.118440e-05
2.176000e+04  1.004600e-05
2.179000e+04  1.321590e-05
2.182000e+04  7.792110e-06
2.185000e+04  3.269980e-06
2.188000e+04  8.517380e-06
2.191000e+04  8.347230e-06
2.194000e+04  1.226890e-05
2.197000e+04  1.371480e-05
2.200000e+04  1.311940e-05
2.203000e+04  1.256600e-05
2.206000e+04  1.131650e-05
2.209000e+04  5.696750e-06
2.212000e+04  8.694560e-06
2.215000e+04  1.390370e-05
2.218000e+04  1.127220e-05
2.221000e+04  1.010890e-05
2.224000e+04  1.230450e-05
2.227000e+04  1.368850e-05
2.230000e+04  1.582070e-05
2.233000e+04  1.578310e-05
2.236000e+04  1.201510e-05
2.239000e+04  1.670190e-05
2.242000e+04  9.483000e-06
2.245000e+04  4.141940e-06
2.248000e+04  9.769000e-06
2.251000e+04  2.098080e-05
2.254000e+04  1.156320e-05
2.257000e+04  8.396270e-07
2.260000e+04  2.189570e-05
2.263000e+04  6.215170e-06
2.266000e+04  2.729000e-05
2.269000e+04  9.583470e-06
2.272000e+04  1.954030e-05
2.275000e+04  1.346240e-06
2.278000e+04  1.458880e-05
2.281000e+04  4.852590e-06
2.284000e+04  5.283320e-06
2.287000e+04  5.101960e-06
2.290000e+04  2.229360e-05
2.293000e+04  1.343920e-05
2.296000e+04  1.808660e-05
2.299000e+04  5.553750e-06
2.302000e+04  2.099550e-05
2.305000e+04  5.635890e-06
2.308000e+04  2.204250e-05
2.311000e+04  7.676800e-06
2.314000e+04  2.143100e-05
2.317000e+04  3.066540e-06
2.320000e+04  1.208170e-05
2.323000e+04  1.025330e-05
2.326000e+04  1.846710e-05
2.329000e+04  2.807150e-06
2.332000e+04  2.368840e-05
2.335000e+04  4.223190e-07
2.338000e+04  1.435810e-05
2.341000e+04  1.025520e-07
2.344000e+04  2.677690e-05
2.347000e+04  1.219410e-06
2.350000e+04  1.363070e-05
2.353000e+04  1.595970e-06
2.356000e+04  1.599930e-05
2.359000e+04  2.296660e-06
2.362000e+04  1.831420e-05
2.365000e+04  5.304140e-06
2.368000e+04  1.788320e-05
2.371000e+04  8.757920e-07
2.374000e+04  2.617490e-05
2.377000e+04  5.710470e-07
2.380000e+04  2.653890e-05
2.383000e+04  2.320580e-06
2.386000e+04  1.177540e-05
2.389000e+04  8.270450e-06
2.392000e+04  2.927040e-05
2.395000e+04  8.134730e-06
2.398000e+04  8.714850e-06
2.401000e+04  1.661360e-06
2.404000e+04  1.285750e-05
2.407000e+04  2.397300e-06
2.410000e+04  1.301260e-05
2.413000e+04  5.457520e-07
2.416000e+04  2.232610e-05
2.419000e+04  3.832010e-06
2.422000e+04  2.768850e-05
2.425000e+04  5.959840e-07
2.428000e+04  3.156260e-05
2.431000e+04  1.425690e-05
2.434000e+04  2.516750e-05
2.437000e+04  4.673250e-06
2.440000e+04  3.515590e-05
2.443000e+04  1.202710e-06
2.446000e+04  2.173940e-05
2.449000e+04  2.354340e-06
2.452000e+04  2.431420e-05
2.455000e+04  0.000000e+00
2.458000e+04  1.837940e-05
2.461000e+04  1.808830e-06
2.464000e+04  3.476870e-05
2.467000e+04  7.631460e-06
2.470000e+04  3.252160e-05
2.473000e+04  8.206200e-06
2.476000e+04  0.000000e+00
2.479000e+04  9.527390e-07
2.482000e+04  2.374750e-05
2.485000e+04  1.996750e-06
2.488000e+04  1.276150e-05
2.491000e+04  6.365510e-07
2.494000e+04  0.000000e+00
2.497000e+04  3.800810e-08
2.500000e+04  2.660570e-07
2.503000e+04  2.106530e-04
2.506000e+04  3.465540e-05
2.509000e+04  2.609680e-04
2.512000e+04  3.916550e-05
2.515000e+04  2.793190e-04
2.518000e+04  8.295870e-05
2.521000e+04  9.077810e-05
2.524000e+04  2.045640e-04
2.527000e+04  1.566770e-04
2.530000e+04  6.227340e-05
2.533000e+04  3.501150e-05
2.536000e+04  3.562240e-05
2.539000e+04  1.900690e-04
2.542000e+04  2.755480e-05
2.545000e+04  2.677060e-05
2.548000e+04  3.969500e-06
2.551000e+04  1.061820e-06
2.554000e+04  1.800720e-05
2.557000e+04  2.572450e-06
2.560000e+04  4.313280e-09
2.563000e+04  2.620340e-07
2.566000e+04  1.641900e-06
2.569000e+04  1.102300e-06
2.572000e+04  3.355590e-06
2.575000e+04  7.165750e-07
2.578000e+04  2.156050e-06
2.581000e+04  5.044540e-07
2.584000e+04  1.851030e-07
2.587000e+04  2.426890e-07
2.590000e+04  8.348950e-07
2.593000e+04  2.137470e-07
2.596000e+04  6.937010e-10
2.599000e+04  0.000000e+00
2.602000e+04  1.714400e-08
2.605000e+04  1.663000e-09
2.608000e+04  3.237100e-08
2.611000e+04  4.256020e-07
2.614000e+04  3.322920e-08
2.617000e+04  6.068030e-09
2.620000e+04  1.845380e-09
2.623000e+04  1.669830e-10
2.626000e+04  1.421170e-08
2.629000e+04  2.340970e-08
2.632000e+04  1.220660e-08
2.635000e+04  1.810980e-07
2.638000e+04  6.288020e-07
2.641000e+04  7.408710e-07
2.644000e+04  1.165710e-06
2.647000e+04  4.991650e-07
2.650000e+04  9.618670e-07
2.653000e+04  2.556940e-09
2.656000e+04  2.325450e-07
2.659000e+04  2.241230e-08
2.662000e+04  2.680200e-08
2.665000e+04  2.051340e-12
2.668000e+04  8.918880e-14
2.671000e+04  1.378340e-11
2.674000e+04  8.233700e-12
2.677000e+04  0.000000e+00
2.680000e+04  0.000000e+00
2.683000e+04  0.000000e+00
2.686000e+04  0.000000e+00
2.689000e+04  1.607780e-11
2.692000e+04  1.838180e-12
2.695000e+04  2.635930e-12
2.698000e+04  5.354410e-11
2.701000e+04  8.601530e-11
2.704000e+04  1.113250e-12
2.707000e+04  5.177680e-11
2.710000e+04  1.091470e-11
2.713000e+04  4.035040e-09
2.716000e+04  7.390760e-08
2.719000e+04  6.830100e-11
2.722000e+04  6.791680e-10
2.725000e+04  2.389330e-08
2.728000e+04  1.409420e-08
2.731000e+04  2.212870e-07
2.734000e+04  2.472230e-07
2.737000e+04  1.882730e-07
2.740000e+04  2.564250e-12
2.743000e+04  1.538550e-12
2.746000e+04  4.498220e-11
2.749000e+04  1.696710e-08
2.752000e+04  9.832260e-09
2.755000e+04  5.293000e-11
2.758000e+04  4.982160e-12
2.761000e+04  1.455550e-12
2.764000e+04  1.699760e-12
2.767000e+04  1.019620e-12
2.770000e+04  1.104410e-09
2.773000e+04  4.505670e-10
2.776000e+04  4.783710e-11
2.779000e+04  2.793840e-10
2.782000e+04  3.494030e-09
2.785000e+04  1.164660e-08
2.788000e+04  6.238440e-09
2.791000e+04  3.507690e-07
2.794000e+04  1.436270e-07
2.797000e+04  2.433330e-07
2.800000e+04  3.123100e-11
2.803000e+04  3.467800e-09
2.806000e+04  2.656810e-07
2.809000e+04  2.816960e-07
2.812000e+04  1.212610e-06
2.815000e+04  1.243330e-07
2.818000e+04  2.300410e-07
2.821000e+04  1.793920e-08
2.824000e+04  1.020840e-06
2.827000e+04  1.622230e-07
2.830000e+04  1.746210e-06
2.833000e+04  8.624760e-07
2.836000e+04  6.486020e-08
2.839000e+04  5.255960e-07
2.842000e+04  1.407520e-06
2.845000e+04  1.258780e-07
2.848000e+04  9.577500e-07
2.851000e+04  3.766870e-07
2.854000e+04  1.531120e-07
2.857000e+04  1.857560e-06
2.860000e+04  2.085320e-06
2.863000e+04  3.133780e-06
2.866000e+04  6.225380e-07
2.869000e+04  2.957750e-06
2.872000e+04  1.433310e-06
2.875000e+04  6.550310e-06
2.878000e+04  5.115440e-06
2.881000e+04  2.742060e-06
2.884000e+04  5.227980e-07
2.887000e+04  3.715530e-06
2.890000e+04  8.698140e-07
2.893000e+04  2.168910e-06
2.896000e+04  6.695090e-06
2.899000e+04  5.389890e-06
2.902000e+04  2.149170e-06
2.905000e+04  6.348280e-06
2.908000e+04  5.016580e-06
2.911000e+04  9.503200e-06
2.914000e+04  4.855540e-06
2.917000e+04  8.224580e-06
2.920000e+04  3.130200e-07
2.923000e+04  1.188930e-07
2.926000e+04  3.433950e-06
2.929000e+04  1.772020e-06
2.932000e+04  4.862700e-06
2.935000e+04  4.782590e-06
2.938000e+04  2.656830e-06
2.941000e+04  9.554620e-06
2.944000e+04  3.563340e-06
2.947000e+04  3.471670e-06
2.950000e+04  3.892910e-06
2.953000e+04  3.531990e-06
2.956000e+04  3.200440e-06
2.959000e+04  6.896290e-06
2.962000e+04  9.197480e-07
2.965000e+04  1.031490e-07
2.968000e+04  3.309500e-06
2.971000e+04  3.568920e-06
2.974000e+04  3.535540e-06
2.977000e+04  5.189350e-06
2.980000e+04  5.167700e-06
2.983000e+04  2.512760e-06
2.986000e+04  4.810770e-06
2.989000e+04  3.251960e-06
2.992000e+04  8.415180e-06
2.995000e+04  5.782920e-06
2.998000e+04  3.712880e-06
3.001000e+04  6.730230e-06
3.004000e+04  5.861050e-06
3.007000e+04  1.151810e-06
3.010000e+04  4.798030e-06
3.013000e+04  3.245340e-06
3.016000e+04  3.030030e-06
3.019000e+04  4.665050e-06
3.022000e+04  5.088350e-06
3.025000e+04  3.077460e-06
3.028000e+04  5.340980e-06
3.031000e+04  2.784270e-06
3.034000e+04  9.508000e-07
3.037000e+04  4.312500e-06
3.040000e+04  1.218100e-05
3.043000e+04  2.035390e-05
3.046000e+04  1.739960e-05
3.049000e+04  1.486920e-05
3.052000e+04  2.114700e-05
3.055000e+04  2.605090e-05
3.058000e+04  4.888140e-05
3.061000e+04  5.573100e-05
3.064000e+04  8.988080e-05
3.067000e+04  1.082300e-04
3.070000e+04  1.467310e-04
3.073000e+04  1.363070e-04
3.076000e+04  2.562780e-04
3.079000e+04  2.774280e-04
3.082000e+04  2.573290e-04
3.085000e+04  3.082650e-04
3.088000e+04  0.000000e+00
3.091000e+04  0.000000e+00
