4.795000e+03  0.000000e+00
4.810000e+03  0.000000e+00
4.825000e+03  9.583470e-03
4.840000e+03  2.139250e-02
4.855000e+03  5.062880e-02
4.870000e+03  9.820480e-02
4.885000e+03  1.626850e-01
4.900000e+03  2.368240e-01
4.915000e+03  3.147490e-01
4.930000e+03  3.933210e-01
4.945000e+03  4.721250e-01
4.960000e+03  5.495950e-01
4.975000e+03  6.256760e-01
4.990000e+03  6.981590e-01
5.005000e+03  7.628630e-01
5.020000e+03  8.153660e-01
5.035000e+03  8.526530e-01
5.050000e+03  8.750090e-01
5.065000e+03  8.863970e-01
5.080000e+03  8.896150e-01
5.095000e+03  8.900990e-01
5.110000e+03  8.922490e-01
5.125000e+03  8.989630e-01
5.140000e+03  9.112050e-01
5.155000e+03  9.280200e-01
5.170000e+03  9.482340e-01
5.185000e+03  9.683050e-01
5.200000e+03  9.852980e-01
5.215000e+03  9.962660e-01
5.230000e+03  1.000000e+00
5.245000e+03  9.964580e-01
5.260000e+03  9.880430e-01
5.275000e+03  9.762450e-01
5.290000e+03  9.632170e-01
5.305000e+03  9.512330e-01
5.320000e+03  9.418270e-01
5.335000e+03  9.355930e-01
5.350000e+03  9.325370e-01
5.365000e+03  9.315420e-01
5.380000e+03  9.319040e-01
5.395000e+03  9.326110e-01
5.410000e+03  9.327400e-01
5.425000e+03  9.319070e-01
5.440000e+03  9.293470e-01
5.455000e+03  9.252220e-01
5.470000e+03  9.195550e-01
5.485000e+03  9.126010e-01
5.500000e+03  9.037440e-01
5.515000e+03  8.937280e-01
5.530000e+03  8.826200e-01
5.545000e+03  8.703260e-01
5.560000e+03  8.575150e-01
5.575000e+03  8.439740e-01
5.590000e+03  8.299900e-01
5.605000e+03  8.159660e-01
5.620000e+03  8.012920e-01
5.635000e+03  7.858170e-01
5.650000e+03  7.689670e-01
5.665000e+03  7.504160e-01
5.680000e+03  7.304660e-01
5.695000e+03  7.102450e-01
5.710000e+03  6.872470e-01
5.725000e+03  6.633440e-01
5.740000e+03  6.391100e-01
5.755000e+03  6.149160e-01
5.770000e+03  5.915700e-01
5.785000e+03  5.694840e-01
5.800000e+03  5.491970e-01
5.815000e+03  5.320720e-01
5.830000e+03  5.192080e-01
5.845000e+03  5.077570e-01
5.860000e+03  4.832200e-01
5.875000e+03  4.160360e-01
5.890000e+03  2.961740e-01
5.905000e+03  1.743590e-01
5.920000e+03  8.792420e-02
5.935000e+03  4.012950e-02
5.950000e+03  1.840810e-02
5.965000e+03  1.034230e-02
5.980000e+03  0.000000e+00
5.995000e+03  0.000000e+00
