4.810000e+03  0.000000e+00
4.825000e+03  0.000000e+00
4.840000e+03  1.367310e-02
4.855000e+03  2.679790e-02
4.870000e+03  5.514860e-02
4.885000e+03  9.628690e-02
4.900000e+03  1.494690e-01
4.915000e+03  2.106120e-01
4.930000e+03  2.771100e-01
4.945000e+03  3.453660e-01
4.960000e+03  4.145150e-01
4.975000e+03  4.774090e-01
4.990000e+03  5.333970e-01
5.005000e+03  5.816200e-01
5.020000e+03  6.225040e-01
5.035000e+03  6.551530e-01
5.050000e+03  6.804990e-01
5.065000e+03  7.036180e-01
5.080000e+03  7.267710e-01
5.095000e+03  7.477130e-01
5.110000e+03  7.620310e-01
5.125000e+03  7.821000e-01
5.140000e+03  7.996500e-01
5.155000e+03  8.132330e-01
5.170000e+03  8.252380e-01
5.185000e+03  8.337470e-01
5.200000e+03  8.392750e-01
5.215000e+03  8.482440e-01
5.230000e+03  8.613800e-01
5.245000e+03  8.744550e-01
5.260000e+03  8.846970e-01
5.275000e+03  8.966360e-01
5.290000e+03  9.095290e-01
5.305000e+03  9.185050e-01
5.320000e+03  9.241270e-01
5.335000e+03  9.263970e-01
5.350000e+03  9.316770e-01
5.365000e+03  9.358700e-01
5.380000e+03  9.375190e-01
5.395000e+03  9.441250e-01
5.410000e+03  9.479020e-01
5.425000e+03  9.495840e-01
5.440000e+03  9.527310e-01
5.455000e+03  9.543160e-01
5.470000e+03  9.576590e-01
5.485000e+03  9.617090e-01
5.500000e+03  9.680980e-01
5.515000e+03  9.724230e-01
5.530000e+03  9.768080e-01
5.545000e+03  9.807440e-01
5.560000e+03  9.848680e-01
5.575000e+03  9.862060e-01
5.590000e+03  9.843010e-01
5.605000e+03  9.810100e-01
5.620000e+03  9.752070e-01
5.635000e+03  9.695490e-01
5.650000e+03  9.675540e-01
5.665000e+03  9.657080e-01
5.680000e+03  9.688480e-01
5.695000e+03  9.818280e-01
5.710000e+03  9.962360e-01
5.725000e+03  1.000000e+00
5.740000e+03  9.998320e-01
5.755000e+03  9.956730e-01
5.770000e+03  9.882670e-01
5.785000e+03  9.792600e-01
5.800000e+03  9.714360e-01
5.815000e+03  9.657530e-01
5.830000e+03  9.588330e-01
5.845000e+03  9.450880e-01
5.860000e+03  9.166500e-01
5.875000e+03  8.672290e-01
5.890000e+03  7.948680e-01
5.905000e+03  7.047680e-01
5.920000e+03  6.034880e-01
5.935000e+03  5.017380e-01
5.950000e+03  4.069340e-01
5.965000e+03  3.249540e-01
5.980000e+03  2.564580e-01
5.995000e+03  2.012300e-01
6.010000e+03  1.574090e-01
6.025000e+03  1.226920e-01
6.040000e+03  9.525250e-02
6.055000e+03  7.357470e-02
6.070000e+03  5.662590e-02
6.085000e+03  4.348160e-02
6.100000e+03  3.337960e-02
6.115000e+03  2.571600e-02
6.130000e+03  1.992240e-02
6.145000e+03  1.555770e-02
6.160000e+03  1.229320e-02
6.175000e+03  9.833130e-03
6.190000e+03  7.950140e-03
6.205000e+03  6.522380e-03
6.220000e+03  5.389520e-03
6.235000e+03  4.505090e-03
6.250000e+03  3.815400e-03
6.265000e+03  3.265150e-03
6.280000e+03  2.841810e-03
6.295000e+03  2.501690e-03
6.310000e+03  2.207200e-03
6.325000e+03  1.936150e-03
6.340000e+03  1.703540e-03
6.355000e+03  1.502560e-03
6.370000e+03  1.358670e-03
6.385000e+03  0.000000e+00
6.400000e+03  0.000000e+00
