6.470000e+03  0.000000e+00
6.495000e+03  0.000000e+00
6.520000e+03  2.829460e-04
6.545000e+03  2.820140e-04
6.570000e+03  2.807720e-04
6.595000e+03  2.806490e-04
6.620000e+03  2.950520e-04
6.645000e+03  3.089300e-04
6.670000e+03  3.346700e-04
6.695000e+03  3.345140e-04
6.720000e+03  3.483760e-04
6.745000e+03  3.498010e-04
6.770000e+03  3.481600e-04
6.795000e+03  3.465190e-04
6.820000e+03  3.437840e-04
6.845000e+03  3.456440e-04
6.870000e+03  3.691920e-04
6.895000e+03  4.013980e-04
6.920000e+03  4.175820e-04
6.945000e+03  4.284680e-04
6.970000e+03  4.463980e-04
6.995000e+03  4.478530e-04
7.020000e+03  4.463130e-04
7.045000e+03  4.560330e-04
7.070000e+03  4.892400e-04
7.095000e+03  5.242260e-04
7.120000e+03  5.649420e-04
7.145000e+03  5.861340e-04
7.170000e+03  5.832690e-04
7.195000e+03  5.764960e-04
7.220000e+03  6.012050e-04
7.245000e+03  6.343340e-04
7.270000e+03  6.619410e-04
7.295000e+03  6.898510e-04
7.320000e+03  7.307970e-04
7.345000e+03  7.661450e-04
7.370000e+03  7.951370e-04
7.395000e+03  8.572140e-04
7.420000e+03  8.979120e-04
7.445000e+03  9.435820e-04
7.470000e+03  9.789600e-04
7.495000e+03  1.002750e-03
7.520000e+03  1.046870e-03
7.545000e+03  1.110160e-03
7.570000e+03  1.168690e-03
7.595000e+03  9.433660e-04
7.620000e+03  9.444590e-04
7.645000e+03  1.081260e-03
7.670000e+03  1.472290e-03
7.695000e+03  1.701820e-03
7.720000e+03  1.860990e-03
7.745000e+03  2.006540e-03
7.770000e+03  2.219610e-03
7.795000e+03  2.491420e-03
7.820000e+03  2.841020e-03
7.845000e+03  3.299980e-03
7.870000e+03  3.871670e-03
7.895000e+03  4.618650e-03
7.920000e+03  5.605750e-03
7.945000e+03  6.933960e-03
7.970000e+03  8.754650e-03
7.995000e+03  1.128340e-02
8.020000e+03  1.485840e-02
8.045000e+03  2.008370e-02
8.070000e+03  2.786670e-02
8.095000e+03  3.980010e-02
8.120000e+03  5.714700e-02
8.145000e+03  8.403040e-02
8.170000e+03  1.270450e-01
8.195000e+03  1.918940e-01
8.220000e+03  2.844460e-01
8.245000e+03  4.060820e-01
8.270000e+03  5.549870e-01
8.295000e+03  7.076820e-01
8.320000e+03  8.409830e-01
8.345000e+03  9.387290e-01
8.370000e+03  9.846290e-01
8.395000e+03  1.000000e+00
8.420000e+03  9.892620e-01
8.445000e+03  9.708460e-01
8.470000e+03  9.521910e-01
8.495000e+03  9.469390e-01
8.520000e+03  9.393600e-01
8.545000e+03  9.327190e-01
8.570000e+03  9.215130e-01
8.595000e+03  9.065730e-01
8.620000e+03  8.955600e-01
8.645000e+03  8.787650e-01
8.670000e+03  8.604690e-01
8.695000e+03  8.401580e-01
8.720000e+03  8.212390e-01
8.745000e+03  8.022040e-01
8.770000e+03  7.828560e-01
8.795000e+03  7.636950e-01
8.820000e+03  7.476590e-01
8.845000e+03  7.350690e-01
8.870000e+03  7.199000e-01
8.895000e+03  7.037670e-01
8.920000e+03  6.869230e-01
8.945000e+03  6.658950e-01
8.970000e+03  6.249300e-01
8.995000e+03  5.780680e-01
9.020000e+03  5.736500e-01
9.045000e+03  5.900890e-01
9.070000e+03  5.716240e-01
9.095000e+03  5.423130e-01
9.120000e+03  5.326470e-01
9.145000e+03  5.117440e-01
9.170000e+03  5.044630e-01
9.195000e+03  5.043180e-01
9.220000e+03  5.032330e-01
9.245000e+03  4.890740e-01
9.270000e+03  4.733850e-01
9.295000e+03  4.306100e-01
9.320000e+03  3.548350e-01
9.345000e+03  2.893270e-01
9.370000e+03  2.698440e-01
9.395000e+03  3.142640e-01
9.420000e+03  3.275200e-01
9.445000e+03  2.890120e-01
9.470000e+03  2.883440e-01
9.495000e+03  2.909610e-01
9.520000e+03  2.923780e-01
9.545000e+03  2.793020e-01
9.570000e+03  2.744370e-01
9.595000e+03  2.656690e-01
9.620000e+03  2.804490e-01
9.645000e+03  2.776840e-01
9.670000e+03  2.743070e-01
9.695000e+03  2.808190e-01
9.720000e+03  2.734590e-01
9.745000e+03  2.540770e-01
9.770000e+03  2.430670e-01
9.795000e+03  2.338640e-01
9.820000e+03  2.276370e-01
9.845000e+03  2.169300e-01
9.870000e+03  2.065220e-01
9.895000e+03  1.943870e-01
9.920000e+03  1.808970e-01
9.945000e+03  1.669900e-01
9.970000e+03  1.532690e-01
9.995000e+03  1.394960e-01
1.002000e+04  1.258090e-01
1.004500e+04  1.122560e-01
1.007000e+04  9.841490e-02
1.009500e+04  8.383010e-02
1.012000e+04  6.962800e-02
1.014500e+04  5.533240e-02
1.017000e+04  4.103570e-02
1.019500e+04  3.031870e-02
1.022000e+04  0.000000e+00
1.024500e+04  0.000000e+00
