7.940000e+03  0.000000e+00
7.970000e+03  0.000000e+00
8.000000e+03  3.734440e-03
8.030000e+03  4.543360e-03
8.060000e+03  5.839870e-03
8.090000e+03  7.543000e-03
8.120000e+03  1.007490e-02
8.150000e+03  1.333960e-02
8.180000e+03  1.797320e-02
8.210000e+03  2.408970e-02
8.240000e+03  3.294390e-02
8.270000e+03  4.576410e-02
8.300000e+03  6.408290e-02
8.330000e+03  9.169150e-02
8.360000e+03  1.322380e-01
8.390000e+03  1.906300e-01
8.420000e+03  2.696140e-01
8.450000e+03  3.723570e-01
8.480000e+03  4.902900e-01
8.510000e+03  6.148820e-01
8.540000e+03  7.380650e-01
8.570000e+03  8.436970e-01
8.600000e+03  9.200620e-01
8.630000e+03  9.691500e-01
8.660000e+03  9.890760e-01
8.690000e+03  1.000000e+00
8.720000e+03  9.945910e-01
8.750000e+03  9.806390e-01
8.780000e+03  9.612050e-01
8.810000e+03  9.420040e-01
8.840000e+03  9.292690e-01
8.870000e+03  9.215090e-01
8.900000e+03  9.151630e-01
8.930000e+03  9.059940e-01
8.960000e+03  8.934550e-01
8.990000e+03  8.773770e-01
9.020000e+03  8.574100e-01
9.050000e+03  8.367710e-01
9.080000e+03  8.196980e-01
9.110000e+03  8.046970e-01
9.140000e+03  7.901030e-01
9.170000e+03  7.746170e-01
9.200000e+03  7.580480e-01
9.230000e+03  7.418140e-01
9.260000e+03  7.270340e-01
9.290000e+03  7.148820e-01
9.320000e+03  7.045020e-01
9.350000e+03  6.952530e-01
9.380000e+03  6.846730e-01
9.410000e+03  6.718900e-01
9.440000e+03  6.558500e-01
9.470000e+03  6.368730e-01
9.500000e+03  6.162980e-01
9.530000e+03  5.927160e-01
9.560000e+03  5.705950e-01
9.590000e+03  5.500340e-01
9.620000e+03  5.301730e-01
9.650000e+03  5.098940e-01
9.680000e+03  4.882130e-01
9.710000e+03  4.653450e-01
9.740000e+03  4.414890e-01
9.770000e+03  4.121000e-01
9.800000e+03  3.718300e-01
9.830000e+03  3.161290e-01
9.860000e+03  2.501780e-01
9.890000e+03  1.825100e-01
9.920000e+03  1.241850e-01
9.950000e+03  8.023890e-02
9.980000e+03  4.999810e-02
1.001000e+04  3.112260e-02
1.004000e+04  2.000530e-02
1.007000e+04  1.331400e-02
1.010000e+04  9.233490e-03
1.013000e+04  6.550430e-03
1.016000e+04  4.559970e-03
1.019000e+04  3.121610e-03
1.022000e+04  2.225980e-03
1.025000e+04  1.646560e-03
1.028000e+04  1.356540e-03
1.031000e+04  0.000000e+00
1.034000e+04  0.000000e+00
