7.925000e+03  0.000000e+00
7.955000e+03  0.000000e+00
7.985000e+03  3.141440e-03
8.015000e+03  3.968250e-03
8.045000e+03  5.119330e-03
8.075000e+03  6.563490e-03
8.105000e+03  8.586870e-03
8.135000e+03  1.104090e-02
8.165000e+03  1.462020e-02
8.195000e+03  1.956080e-02
8.225000e+03  2.631180e-02
8.255000e+03  3.641050e-02
8.285000e+03  5.069460e-02
8.315000e+03  7.295050e-02
8.345000e+03  1.073590e-01
8.375000e+03  1.560640e-01
8.405000e+03  2.235890e-01
8.435000e+03  3.136190e-01
8.465000e+03  4.239200e-01
8.495000e+03  5.465430e-01
8.525000e+03  6.703100e-01
8.555000e+03  7.892660e-01
8.585000e+03  8.783170e-01
8.615000e+03  9.462460e-01
8.645000e+03  9.783050e-01
8.675000e+03  9.973240e-01
8.705000e+03  1.000000e+00
8.735000e+03  9.913540e-01
8.765000e+03  9.747010e-01
8.795000e+03  9.553610e-01
8.825000e+03  9.392620e-01
8.855000e+03  9.303290e-01
8.885000e+03  9.241860e-01
8.915000e+03  8.996890e-01
8.945000e+03  8.551020e-01
8.975000e+03  8.113480e-01
9.005000e+03  7.953820e-01
9.035000e+03  7.860870e-01
9.065000e+03  7.750590e-01
9.095000e+03  7.597080e-01
9.125000e+03  7.442350e-01
9.155000e+03  7.289660e-01
9.185000e+03  7.122600e-01
9.215000e+03  6.947860e-01
9.245000e+03  6.771140e-01
9.275000e+03  6.314340e-01
9.305000e+03  5.604150e-01
9.335000e+03  4.929150e-01
9.365000e+03  4.656040e-01
9.395000e+03  4.776660e-01
9.425000e+03  4.771410e-01
9.455000e+03  4.497540e-01
9.485000e+03  4.413690e-01
9.515000e+03  4.303020e-01
9.545000e+03  4.155840e-01
9.575000e+03  4.174580e-01
9.605000e+03  4.225820e-01
9.635000e+03  4.272690e-01
9.665000e+03  4.299690e-01
9.695000e+03  4.268970e-01
9.725000e+03  4.021080e-01
9.755000e+03  3.757790e-01
9.785000e+03  3.505850e-01
9.815000e+03  3.125600e-01
9.845000e+03  2.608660e-01
9.875000e+03  1.998540e-01
9.905000e+03  1.402400e-01
9.935000e+03  9.275470e-02
9.965000e+03  5.853340e-02
9.995000e+03  3.611130e-02
1.002500e+04  2.275610e-02
1.005500e+04  1.471300e-02
1.008500e+04  9.968010e-03
1.011500e+04  6.951220e-03
1.014500e+04  4.892620e-03
1.017500e+04  3.339330e-03
1.020500e+04  2.305220e-03
1.023500e+04  1.659760e-03
1.026500e+04  1.334750e-03
1.029500e+04  0.000000e+00
1.032500e+04  0.000000e+00
